0	1
0	2
0	3
1	4
1	5
5	6
6	7
7	8
8	9
8	10
17	11
18	12
19	13
21	14
21	15
29	16
31	17
32	18
33	19
33	20
46	21
48	22
49	23
50	24
50	25
52	26
52	27
52	28
52	29
52	30
52	31
52	32
52	33
52	34
52	35
53	36
53	37
53	38
53	39
53	40
53	41
53	42
53	43
53	44
53	45
53	46
53	47
54	48
54	49
54	50
54	51
54	52
54	53
54	54
54	55
54	56
54	57
54	58
54	59
54	60
54	61
54	62
54	63
54	64
54	65
54	66
55	67
55	68
55	69
55	70
55	71
55	72
55	73
55	74
55	75
55	76
55	77
55	78
55	79
55	80
55	81
55	82
55	83
55	84
56	85
56	86
56	87
56	88
56	89
56	90
56	91
56	92
56	93
56	94
56	95
56	96
57	97
57	98
57	99
57	100
57	101
57	102
57	103
57	104
57	105
57	106
57	107
57	108
57	109
57	110
57	111
57	112
57	113
57	114
57	115
58	116
58	117
58	118
58	119
58	120
58	121
58	122
58	123
58	124
58	125
58	126
58	127
58	128
58	129
58	130
58	131
59	132
59	133
59	134
59	135
59	136
59	137
59	138
59	139
59	140
59	141
59	142
59	143
59	144
59	145
59	146
59	147
59	148
59	149
59	150
59	151
60	152
60	153
60	154
60	155
60	156
60	157
60	158
60	159
60	160
60	161
60	162
60	163
60	164
60	165
60	166
60	167
61	168
61	169
61	170
61	171
61	172
61	173
61	174
61	175
61	176
61	177
61	178
61	179
61	180
61	181
61	182
61	183
61	184
61	185
61	186
61	187
62	188
62	189
62	190
62	191
62	192
62	193
62	194
62	195
62	196
62	197
62	198
62	199
62	200
62	201
62	202
62	203
62	204
62	205
62	206
62	207
63	208
63	209
63	210
63	211
63	212
63	213
63	214
63	215
63	216
63	217
63	218
63	219
63	220
63	221
63	222
64	223
64	224
64	225
64	226
64	227
64	228
64	229
64	230
64	231
64	232
64	233
64	234
64	235
64	236
64	237
64	238
64	239
64	240
64	241
65	242
65	243
65	244
65	245
65	246
65	247
65	248
65	249
65	250
65	251
65	252
65	253
65	254
65	255
65	256
65	257
65	258
65	259
65	260
65	261
66	262
66	263
66	264
66	265
66	266
66	267
66	268
66	269
66	270
66	271
66	272
66	273
67	274
67	275
67	276
67	277
67	278
67	279
67	280
67	281
67	282
67	283
67	284
67	285
67	286
67	287
67	288
67	289
67	290
67	291
67	292
67	293
67	294
68	295
68	296
68	297
68	298
68	299
68	300
68	301
68	302
68	303
68	304
68	305
68	306
68	307
68	308
68	309
68	310
68	311
68	312
68	313
69	314
69	315
69	316
69	317
69	318
69	319
69	320
69	321
69	322
69	323
69	324
69	325
69	326
69	327
70	328
70	329
70	330
70	331
70	332
70	333
70	334
70	335
70	336
70	337
70	338
70	339
70	340
70	341
70	342
70	343
70	344
70	345
70	346
70	347
70	348
70	349
70	350
71	351
71	352
71	353
71	354
71	355
71	356
71	357
71	358
71	359
71	360
71	361
71	362
71	363
71	364
71	365
71	366
71	367
71	368
71	369
72	370
72	371
72	372
72	373
72	374
72	375
72	376
72	377
72	378
72	379
72	380
72	381
72	382
72	383
73	384
73	385
73	386
73	387
73	388
73	389
73	390
73	391
73	392
73	393
73	394
73	395
73	396
73	397
73	398
73	399
73	400
73	401
73	402
73	403
74	404
74	405
74	406
74	407
74	408
74	409
74	410
74	411
74	412
74	413
74	414
74	415
74	416
74	417
74	418
74	419
74	420
74	421
74	422
74	423
75	424
75	425
75	426
75	427
75	428
75	429
75	430
75	431
75	432
75	433
75	434
75	435
75	436
75	437
75	438
75	439
76	440
76	441
76	442
76	443
76	444
76	445
76	446
76	447
76	448
76	449
76	450
76	451
76	452
76	453
76	454
76	455
76	456
76	457
76	458
76	459
76	460
76	461
77	462
77	463
77	464
77	465
77	466
77	467
77	468
77	469
77	470
77	471
77	472
77	473
77	474
77	475
77	476
77	477
77	478
77	479
77	480
77	481
77	482
78	483
78	484
78	485
78	486
78	487
78	488
78	489
78	490
78	491
78	492
78	493
78	494
78	495
78	496
78	497
78	498
78	499
78	500
79	501
79	502
79	503
79	504
79	505
79	506
79	507
79	508
79	509
79	510
79	511
79	512
79	513
79	514
79	515
79	516
79	517
79	518
79	519
80	520
80	521
80	522
80	523
80	524
80	525
80	526
80	527
80	528
80	529
80	530
80	531
80	532
80	533
80	534
80	535
80	536
80	537
80	538
80	539
80	540
80	541
81	542
81	543
81	544
81	545
81	546
81	547
81	548
81	549
81	550
81	551
81	552
81	553
81	554
81	555
81	556
81	557
81	558
81	559
81	560
81	561
82	562
82	563
82	564
82	565
82	566
82	567
82	568
82	569
82	570
82	571
82	572
82	573
82	574
82	575
82	576
82	577
82	578
82	579
82	580
82	581
82	582
82	583
82	584
82	585
82	586
83	587
83	588
83	589
83	590
83	591
83	592
83	593
83	594
83	595
83	596
83	597
83	598
83	599
83	600
83	601
83	602
83	603
83	604
83	605
83	606
83	607
84	608
84	609
84	610
84	611
84	612
84	613
84	614
84	615
84	616
84	617
84	618
84	619
84	620
84	621
84	622
84	623
84	624
84	625
84	626
84	627
84	628
84	629
84	630
85	631
85	632
85	633
85	634
85	635
85	636
85	637
85	638
85	639
85	640
85	641
85	642
85	643
85	644
85	645
85	646
85	647
85	648
85	649
85	650
85	651
86	652
86	653
86	654
86	655
86	656
86	657
86	658
86	659
86	660
86	661
86	662
86	663
86	664
86	665
86	666
86	667
86	668
86	669
86	670
86	671
86	672
86	673
86	674
86	675
87	676
87	677
87	678
87	679
87	680
87	681
87	682
87	683
87	684
87	685
87	686
87	687
87	688
87	689
87	690
87	691
87	692
87	693
87	694
87	695
87	696
87	697
87	698
88	699
88	700
88	701
88	702
88	703
88	704
88	705
88	706
88	707
88	708
88	709
88	710
88	711
88	712
88	713
88	714
88	715
88	716
88	717
88	718
88	719
88	720
89	721
89	722
89	723
89	724
89	725
89	726
89	727
89	728
89	729
89	730
89	731
89	732
89	733
89	734
89	735
89	736
89	737
89	738
89	739
89	740
89	741
90	742
90	743
90	744
90	745
90	746
90	747
90	748
90	749
90	750
90	751
90	752
90	753
90	754
90	755
90	756
90	757
90	758
90	759
90	760
90	761
90	762
90	763
91	764
91	765
91	766
91	767
91	768
91	769
91	770
91	771
91	772
91	773
91	774
91	775
91	776
91	777
91	778
91	779
91	780
91	781
91	782
91	783
91	784
91	785
92	786
92	787
92	788
92	789
92	790
92	791
92	792
92	793
92	794
92	795
92	796
92	797
92	798
92	799
92	800
92	801
92	802
92	803
92	804
92	805
92	806
92	807
92	808
93	809
93	810
93	811
93	812
93	813
93	814
93	815
93	816
93	817
93	818
93	819
93	820
93	821
93	822
93	823
93	824
93	825
93	826
93	827
93	828
93	829
93	830
94	831
94	832
94	833
94	834
94	835
94	836
94	837
94	838
94	839
94	840
94	841
94	842
94	843
94	844
94	845
94	846
94	847
94	848
94	849
94	850
94	851
95	852
95	853
95	854
95	855
95	856
95	857
95	858
95	859
95	860
95	861
95	862
95	863
95	864
95	865
95	866
95	867
95	868
95	869
95	870
95	871
95	872
95	873
95	874
95	875
96	876
96	877
96	878
96	879
96	880
96	881
96	882
96	883
96	884
96	885
96	886
96	887
96	888
96	889
96	890
96	891
96	892
96	893
96	894
96	895
96	896
97	897
97	898
97	899
97	900
97	901
97	902
97	903
97	904
97	905
97	906
97	907
97	908
97	909
97	910
97	911
97	912
97	913
97	914
97	915
97	916
97	917
97	918
98	919
98	920
98	921
98	922
98	923
98	924
98	925
98	926
98	927
98	928
98	929
98	930
98	931
98	932
98	933
98	934
98	935
98	936
98	937
98	938
98	939
98	940
98	941
98	942
99	943
99	944
99	945
99	946
99	947
99	948
99	949
99	950
99	951
99	952
99	953
99	954
99	955
99	956
99	957
99	958
99	959
99	960
99	961
99	962
99	963
99	964
100	965
100	966
100	967
100	968
100	969
100	970
100	971
100	972
100	973
100	974
100	975
100	976
100	977
100	978
100	979
100	980
100	981
100	982
100	983
100	984
100	985
101	986
101	987
101	988
101	989
101	990
101	991
101	992
101	993
101	994
101	995
101	996
101	997
101	998
101	999
101	1000
101	1001
101	1002
101	1003
101	1004
101	1005
101	1006
101	1007
102	1008
102	1009
102	1010
102	1011
102	1012
102	1013
102	1014
102	1015
102	1016
102	1017
102	1018
102	1019
102	1020
102	1021
102	1022
102	1023
102	1024
102	1025
102	1026
102	1027
102	1028
102	1029
102	1030
103	1031
103	1032
103	1033
103	1034
103	1035
103	1036
103	1037
103	1038
103	1039
103	1040
103	1041
103	1042
103	1043
103	1044
103	1045
103	1046
103	1047
103	1048
103	1049
103	1050
103	1051
103	1052
104	1053
104	1054
104	1055
104	1056
104	1057
104	1058
104	1059
104	1060
104	1061
104	1062
104	1063
104	1064
104	1065
104	1066
104	1067
104	1068
104	1069
104	1070
104	1071
104	1072
104	1073
104	1074
105	1075
105	1076
105	1077
105	1078
105	1079
105	1080
105	1081
105	1082
105	1083
105	1084
105	1085
105	1086
105	1087
105	1088
105	1089
105	1090
105	1091
105	1092
105	1093
105	1094
105	1095
105	1096
105	1097
106	1098
106	1099
106	1100
106	1101
106	1102
106	1103
106	1104
106	1105
106	1106
106	1107
106	1108
106	1109
106	1110
106	1111
106	1112
106	1113
106	1114
106	1115
106	1116
106	1117
107	1118
107	1119
107	1120
107	1121
107	1122
107	1123
107	1124
107	1125
107	1126
107	1127
107	1128
107	1129
107	1130
107	1131
107	1132
107	1133
107	1134
107	1135
107	1136
107	1137
107	1138
107	1139
108	1140
108	1141
108	1142
108	1143
108	1144
108	1145
108	1146
108	1147
108	1148
108	1149
108	1150
108	1151
108	1152
108	1153
108	1154
108	1155
108	1156
108	1157
108	1158
108	1159
108	1160
108	1161
109	1162
109	1163
109	1164
109	1165
109	1166
109	1167
109	1168
109	1169
109	1170
109	1171
109	1172
109	1173
109	1174
109	1175
109	1176
109	1177
109	1178
109	1179
109	1180
109	1181
109	1182
110	1183
110	1184
110	1185
110	1186
110	1187
110	1188
110	1189
110	1190
110	1191
110	1192
110	1193
110	1194
110	1195
110	1196
110	1197
110	1198
110	1199
110	1200
110	1201
110	1202
110	1203
111	1204
111	1205
111	1206
111	1207
111	1208
111	1209
111	1210
111	1211
111	1212
111	1213
111	1214
111	1215
111	1216
111	1217
111	1218
111	1219
111	1220
111	1221
111	1222
111	1223
112	1224
112	1225
112	1226
112	1227
112	1228
112	1229
112	1230
112	1231
112	1232
112	1233
112	1234
112	1235
112	1236
112	1237
112	1238
112	1239
112	1240
112	1241
112	1242
112	1243
112	1244
112	1245
112	1246
113	1247
113	1248
113	1249
113	1250
113	1251
113	1252
113	1253
113	1254
113	1255
113	1256
113	1257
113	1258
113	1259
113	1260
113	1261
113	1262
113	1263
113	1264
113	1265
113	1266
113	1267
113	1268
114	1269
114	1270
114	1271
114	1272
114	1273
114	1274
114	1275
114	1276
114	1277
114	1278
114	1279
114	1280
114	1281
114	1282
114	1283
114	1284
114	1285
114	1286
114	1287
114	1288
114	1289
115	1290
115	1291
115	1292
115	1293
115	1294
115	1295
115	1296
115	1297
115	1298
115	1299
115	1300
115	1301
115	1302
115	1303
115	1304
115	1305
115	1306
115	1307
115	1308
115	1309
115	1310
116	1311
116	1312
116	1313
116	1314
116	1315
116	1316
116	1317
116	1318
116	1319
116	1320
116	1321
116	1322
116	1323
116	1324
116	1325
116	1326
116	1327
116	1328
116	1329
116	1330
116	1331
116	1332
116	1333
117	1334
117	1335
117	1336
117	1337
117	1338
117	1339
117	1340
117	1341
117	1342
117	1343
117	1344
117	1345
117	1346
117	1347
117	1348
117	1349
117	1350
117	1351
117	1352
117	1353
117	1354
117	1355
118	1356
118	1357
118	1358
118	1359
118	1360
118	1361
118	1362
118	1363
118	1364
118	1365
118	1366
118	1367
118	1368
118	1369
118	1370
118	1371
118	1372
118	1373
118	1374
118	1375
118	1376
118	1377
119	1378
119	1379
119	1380
119	1381
119	1382
119	1383
119	1384
119	1385
119	1386
119	1387
119	1388
119	1389
119	1390
119	1391
119	1392
119	1393
119	1394
119	1395
119	1396
119	1397
119	1398
119	1399
119	1400
120	1401
120	1402
120	1403
120	1404
120	1405
120	1406
120	1407
120	1408
120	1409
120	1410
120	1411
120	1412
120	1413
120	1414
120	1415
120	1416
120	1417
120	1418
120	1419
120	1420
120	1421
121	1422
121	1423
121	1424
121	1425
121	1426
121	1427
121	1428
121	1429
121	1430
121	1431
121	1432
121	1433
121	1434
121	1435
121	1436
121	1437
121	1438
121	1439
121	1440
121	1441
121	1442
121	1443
121	1444
122	1445
122	1446
122	1447
122	1448
122	1449
122	1450
122	1451
122	1452
122	1453
122	1454
122	1455
122	1456
122	1457
122	1458
122	1459
122	1460
122	1461
122	1462
122	1463
122	1464
122	1465
122	1466
122	1467
123	1468
123	1469
123	1470
123	1471
123	1472
123	1473
123	1474
123	1475
123	1476
123	1477
123	1478
123	1479
123	1480
123	1481
123	1482
123	1483
123	1484
123	1485
123	1486
123	1487
123	1488
123	1489
124	1490
124	1491
124	1492
124	1493
124	1494
124	1495
124	1496
124	1497
124	1498
124	1499
124	1500
124	1501
124	1502
124	1503
124	1504
124	1505
124	1506
124	1507
124	1508
124	1509
124	1510
124	1511
124	1512
125	1513
125	1514
125	1515
125	1516
125	1517
125	1518
125	1519
125	1520
125	1521
125	1522
125	1523
125	1524
125	1525
125	1526
125	1527
125	1528
125	1529
125	1530
125	1531
125	1532
125	1533
125	1534
126	1535
126	1536
126	1537
126	1538
126	1539
126	1540
126	1541
126	1542
126	1543
126	1544
126	1545
126	1546
126	1547
126	1548
126	1549
126	1550
126	1551
126	1552
126	1553
126	1554
126	1555
126	1556
127	1557
127	1558
127	1559
127	1560
127	1561
127	1562
127	1563
127	1564
127	1565
127	1566
127	1567
127	1568
127	1569
127	1570
127	1571
127	1572
127	1573
127	1574
127	1575
127	1576
128	1577
128	1578
128	1579
128	1580
128	1581
128	1582
128	1583
128	1584
128	1585
128	1586
128	1587
128	1588
128	1589
128	1590
128	1591
128	1592
128	1593
128	1594
128	1595
128	1596
128	1597
128	1598
128	1599
129	1600
129	1601
129	1602
129	1603
129	1604
129	1605
129	1606
129	1607
129	1608
129	1609
129	1610
129	1611
129	1612
129	1613
129	1614
129	1615
129	1616
129	1617
129	1618
129	1619
129	1620
130	1621
130	1622
130	1623
130	1624
130	1625
130	1626
130	1627
130	1628
130	1629
130	1630
130	1631
130	1632
130	1633
130	1634
130	1635
130	1636
130	1637
130	1638
130	1639
130	1640
131	1641
131	1642
131	1643
131	1644
131	1645
131	1646
131	1647
131	1648
131	1649
131	1650
131	1651
131	1652
131	1653
131	1654
131	1655
131	1656
131	1657
131	1658
131	1659
131	1660
131	1661
131	1662
131	1663
131	1664
132	1665
132	1666
132	1667
132	1668
132	1669
132	1670
132	1671
132	1672
132	1673
132	1674
132	1675
132	1676
132	1677
132	1678
132	1679
132	1680
132	1681
132	1682
132	1683
132	1684
132	1685
132	1686
133	1687
133	1688
133	1689
133	1690
133	1691
133	1692
133	1693
133	1694
133	1695
133	1696
133	1697
133	1698
133	1699
133	1700
133	1701
133	1702
133	1703
133	1704
133	1705
133	1706
133	1707
133	1708
134	1709
134	1710
134	1711
134	1712
134	1713
134	1714
134	1715
134	1716
134	1717
134	1718
134	1719
134	1720
134	1721
134	1722
134	1723
134	1724
134	1725
134	1726
134	1727
134	1728
134	1729
134	1730
135	1731
135	1732
135	1733
135	1734
135	1735
135	1736
135	1737
135	1738
135	1739
135	1740
135	1741
135	1742
135	1743
135	1744
135	1745
135	1746
135	1747
135	1748
135	1749
135	1750
135	1751
135	1752
136	1753
136	1754
136	1755
136	1756
136	1757
136	1758
136	1759
136	1760
136	1761
136	1762
136	1763
136	1764
136	1765
136	1766
136	1767
136	1768
136	1769
136	1770
136	1771
136	1772
136	1773
136	1774
136	1775
137	1776
137	1777
137	1778
137	1779
137	1780
137	1781
137	1782
137	1783
137	1784
137	1785
137	1786
137	1787
137	1788
137	1789
137	1790
137	1791
137	1792
137	1793
137	1794
137	1795
137	1796
137	1797
138	1798
138	1799
138	1800
138	1801
138	1802
138	1803
138	1804
138	1805
138	1806
138	1807
138	1808
138	1809
138	1810
138	1811
138	1812
138	1813
138	1814
138	1815
138	1816
138	1817
138	1818
138	1819
138	1820
138	1821
138	1822
139	1823
139	1824
139	1825
139	1826
139	1827
139	1828
139	1829
139	1830
139	1831
139	1832
139	1833
139	1834
139	1835
139	1836
139	1837
139	1838
139	1839
139	1840
139	1841
139	1842
140	1843
140	1844
140	1845
140	1846
140	1847
140	1848
140	1849
140	1850
140	1851
140	1852
140	1853
140	1854
140	1855
140	1856
140	1857
140	1858
140	1859
140	1860
141	1861
141	1862
141	1863
141	1864
141	1865
141	1866
141	1867
141	1868
141	1869
141	1870
141	1871
141	1872
141	1873
141	1874
141	1875
141	1876
141	1877
141	1878
141	1879
141	1880
141	1881
141	1882
142	1883
142	1884
142	1885
142	1886
142	1887
142	1888
142	1889
142	1890
142	1891
142	1892
142	1893
142	1894
142	1895
142	1896
142	1897
142	1898
142	1899
142	1900
142	1901
142	1902
142	1903
142	1904
142	1905
143	1906
143	1907
143	1908
143	1909
143	1910
143	1911
143	1912
143	1913
143	1914
143	1915
143	1916
143	1917
143	1918
143	1919
143	1920
143	1921
143	1922
143	1923
143	1924
143	1925
143	1926
143	1927
144	1928
144	1929
144	1930
144	1931
144	1932
144	1933
144	1934
144	1935
144	1936
144	1937
144	1938
144	1939
144	1940
144	1941
144	1942
144	1943
144	1944
144	1945
144	1946
144	1947
144	1948
145	1949
145	1950
145	1951
145	1952
145	1953
145	1954
145	1955
145	1956
145	1957
145	1958
145	1959
145	1960
145	1961
145	1962
145	1963
145	1964
145	1965
145	1966
145	1967
146	1968
146	1969
146	1970
146	1971
146	1972
146	1973
146	1974
146	1975
146	1976
146	1977
146	1978
146	1979
146	1980
146	1981
146	1982
146	1983
146	1984
146	1985
146	1986
146	1987
146	1988
147	1989
147	1990
147	1991
147	1992
147	1993
147	1994
147	1995
147	1996
147	1997
147	1998
147	1999
147	2000
147	2001
147	2002
147	2003
147	2004
147	2005
147	2006
147	2007
147	2008
147	2009
147	2010
147	2011
148	2012
148	2013
148	2014
148	2015
148	2016
148	2017
148	2018
148	2019
148	2020
148	2021
148	2022
148	2023
148	2024
148	2025
148	2026
148	2027
148	2028
148	2029
148	2030
148	2031
148	2032
148	2033
149	2034
149	2035
149	2036
149	2037
149	2038
149	2039
149	2040
149	2041
149	2042
149	2043
149	2044
149	2045
149	2046
149	2047
149	2048
149	2049
149	2050
149	2051
149	2052
149	2053
150	2054
150	2055
150	2056
150	2057
150	2058
150	2059
150	2060
150	2061
150	2062
150	2063
150	2064
150	2065
150	2066
150	2067
150	2068
150	2069
150	2070
150	2071
150	2072
150	2073
150	2074
150	2075
151	2076
151	2077
151	2078
151	2079
151	2080
151	2081
151	2082
151	2083
151	2084
151	2085
151	2086
151	2087
151	2088
151	2089
151	2090
152	2091
152	2092
152	2093
152	2094
152	2095
152	2096
152	2097
152	2098
152	2099
152	2100
152	2101
152	2102
152	2103
152	2104
152	2105
152	2106
152	2107
152	2108
152	2109
152	2110
152	2111
153	2112
153	2113
153	2114
153	2115
153	2116
153	2117
153	2118
153	2119
153	2120
153	2121
153	2122
153	2123
153	2124
153	2125
153	2126
153	2127
153	2128
153	2129
153	2130
153	2131
153	2132
153	2133
154	2134
154	2135
154	2136
154	2137
154	2138
154	2139
154	2140
154	2141
154	2142
154	2143
154	2144
154	2145
154	2146
154	2147
154	2148
154	2149
154	2150
154	2151
154	2152
154	2153
154	2154
154	2155
155	2156
155	2157
155	2158
155	2159
155	2160
155	2161
155	2162
155	2163
155	2164
155	2165
155	2166
155	2167
155	2168
155	2169
155	2170
155	2171
155	2172
155	2173
155	2174
155	2175
156	2176
156	2177
156	2178
156	2179
156	2180
156	2181
156	2182
156	2183
156	2184
156	2185
156	2186
156	2187
156	2188
156	2189
156	2190
156	2191
156	2192
156	2193
156	2194
156	2195
156	2196
157	2197
157	2198
157	2199
157	2200
157	2201
157	2202
157	2203
157	2204
157	2205
157	2206
157	2207
157	2208
157	2209
157	2210
157	2211
157	2212
157	2213
157	2214
157	2215
157	2216
157	2217
157	2218
157	2219
158	2220
158	2221
158	2222
158	2223
158	2224
158	2225
158	2226
158	2227
158	2228
158	2229
158	2230
158	2231
158	2232
158	2233
158	2234
158	2235
158	2236
158	2237
158	2238
158	2239
159	2240
159	2241
159	2242
159	2243
159	2244
159	2245
159	2246
159	2247
159	2248
159	2249
159	2250
159	2251
159	2252
159	2253
159	2254
159	2255
159	2256
159	2257
159	2258
159	2259
159	2260
159	2261
160	2262
160	2263
160	2264
160	2265
160	2266
160	2267
160	2268
160	2269
160	2270
160	2271
160	2272
160	2273
160	2274
160	2275
160	2276
160	2277
160	2278
160	2279
160	2280
160	2281
160	2282
160	2283
160	2284
161	2285
161	2286
161	2287
161	2288
161	2289
161	2290
161	2291
161	2292
161	2293
161	2294
161	2295
161	2296
161	2297
161	2298
161	2299
161	2300
162	2301
162	2302
162	2303
162	2304
162	2305
162	2306
162	2307
162	2308
162	2309
162	2310
162	2311
162	2312
162	2313
162	2314
162	2315
162	2316
162	2317
162	2318
162	2319
162	2320
163	2321
163	2322
163	2323
163	2324
163	2325
163	2326
163	2327
163	2328
163	2329
163	2330
163	2331
163	2332
163	2333
163	2334
163	2335
163	2336
163	2337
163	2338
163	2339
163	2340
163	2341
163	2342
163	2343
164	2344
164	2345
164	2346
164	2347
164	2348
164	2349
164	2350
164	2351
164	2352
164	2353
164	2354
164	2355
164	2356
164	2357
164	2358
164	2359
164	2360
164	2361
164	2362
164	2363
165	2364
165	2365
165	2366
165	2367
165	2368
165	2369
165	2370
165	2371
165	2372
165	2373
165	2374
165	2375
165	2376
165	2377
165	2378
165	2379
165	2380
165	2381
165	2382
165	2383
165	2384
166	2385
166	2386
166	2387
166	2388
166	2389
166	2390
166	2391
166	2392
166	2393
166	2394
166	2395
166	2396
166	2397
166	2398
166	2399
166	2400
166	2401
166	2402
166	2403
166	2404
166	2405
166	2406
166	2407
166	2408
167	2409
167	2410
167	2411
167	2412
167	2413
167	2414
167	2415
167	2416
167	2417
167	2418
167	2419
167	2420
167	2421
167	2422
167	2423
167	2424
167	2425
167	2426
167	2427
168	2428
168	2429
168	2430
168	2431
168	2432
168	2433
168	2434
168	2435
168	2436
168	2437
168	2438
168	2439
168	2440
168	2441
168	2442
168	2443
168	2444
168	2445
168	2446
168	2447
169	2448
169	2449
169	2450
169	2451
169	2452
169	2453
169	2454
169	2455
169	2456
169	2457
169	2458
169	2459
169	2460
169	2461
169	2462
169	2463
169	2464
169	2465
169	2466
169	2467
169	2468
169	2469
170	2470
170	2471
170	2472
170	2473
170	2474
170	2475
170	2476
170	2477
170	2478
170	2479
170	2480
170	2481
170	2482
170	2483
170	2484
170	2485
170	2486
170	2487
170	2488
170	2489
170	2490
171	2491
171	2492
171	2493
171	2494
171	2495
171	2496
171	2497
171	2498
171	2499
171	2500
171	2501
171	2502
171	2503
171	2504
171	2505
171	2506
171	2507
171	2508
171	2509
172	2510
172	2511
172	2512
172	2513
172	2514
172	2515
172	2516
172	2517
172	2518
172	2519
172	2520
172	2521
172	2522
172	2523
172	2524
172	2525
172	2526
172	2527
172	2528
172	2529
172	2530
172	2531
173	2532
173	2533
173	2534
173	2535
173	2536
173	2537
173	2538
173	2539
173	2540
173	2541
173	2542
173	2543
173	2544
173	2545
173	2546
173	2547
173	2548
173	2549
173	2550
173	2551
173	2552
173	2553
174	2554
174	2555
174	2556
174	2557
174	2558
174	2559
174	2560
174	2561
174	2562
174	2563
174	2564
174	2565
174	2566
174	2567
174	2568
174	2569
174	2570
174	2571
174	2572
174	2573
174	2574
174	2575
174	2576
175	2577
175	2578
175	2579
175	2580
175	2581
175	2582
175	2583
175	2584
175	2585
175	2586
175	2587
175	2588
175	2589
175	2590
175	2591
175	2592
175	2593
175	2594
175	2595
175	2596
176	2597
176	2598
176	2599
176	2600
176	2601
176	2602
176	2603
176	2604
176	2605
176	2606
176	2607
176	2608
176	2609
176	2610
176	2611
176	2612
176	2613
176	2614
176	2615
176	2616
176	2617
176	2618
177	2619
177	2620
177	2621
177	2622
177	2623
177	2624
177	2625
177	2626
177	2627
177	2628
177	2629
177	2630
177	2631
177	2632
177	2633
177	2634
177	2635
177	2636
177	2637
177	2638
177	2639
178	2640
178	2641
178	2642
178	2643
178	2644
178	2645
178	2646
178	2647
178	2648
178	2649
178	2650
178	2651
178	2652
178	2653
178	2654
178	2655
178	2656
178	2657
178	2658
178	2659
178	2660
179	2661
179	2662
179	2663
179	2664
179	2665
179	2666
179	2667
179	2668
179	2669
179	2670
179	2671
179	2672
179	2673
179	2674
179	2675
179	2676
179	2677
179	2678
179	2679
179	2680
179	2681
179	2682
179	2683
179	2684
180	2685
180	2686
180	2687
180	2688
180	2689
180	2690
180	2691
180	2692
180	2693
180	2694
180	2695
180	2696
180	2697
180	2698
180	2699
180	2700
180	2701
180	2702
180	2703
180	2704
181	2705
181	2706
181	2707
181	2708
181	2709
181	2710
181	2711
181	2712
181	2713
181	2714
181	2715
181	2716
181	2717
181	2718
181	2719
181	2720
181	2721
181	2722
181	2723
181	2724
182	2725
182	2726
182	2727
182	2728
182	2729
182	2730
182	2731
182	2732
182	2733
182	2734
182	2735
182	2736
182	2737
182	2738
182	2739
182	2740
182	2741
183	2742
183	2743
183	2744
183	2745
183	2746
183	2747
183	2748
183	2749
183	2750
183	2751
183	2752
183	2753
183	2754
183	2755
183	2756
183	2757
183	2758
183	2759
183	2760
183	2761
183	2762
183	2763
184	2764
184	2765
184	2766
184	2767
184	2768
184	2769
184	2770
184	2771
184	2772
184	2773
184	2774
184	2775
184	2776
184	2777
184	2778
184	2779
184	2780
184	2781
184	2782
185	2783
185	2784
185	2785
185	2786
185	2787
185	2788
185	2789
185	2790
185	2791
185	2792
185	2793
185	2794
185	2795
185	2796
185	2797
185	2798
185	2799
185	2800
186	2801
186	2802
186	2803
186	2804
186	2805
186	2806
186	2807
186	2808
186	2809
186	2810
186	2811
186	2812
186	2813
186	2814
186	2815
186	2816
186	2817
186	2818
187	2819
187	2820
187	2821
187	2822
187	2823
187	2824
187	2825
187	2826
187	2827
187	2828
187	2829
187	2830
187	2831
187	2832
187	2833
187	2834
187	2835
187	2836
188	2837
188	2838
188	2839
188	2840
188	2841
188	2842
188	2843
188	2844
188	2845
188	2846
188	2847
188	2848
188	2849
188	2850
188	2851
188	2852
188	2853
188	2854
188	2855
189	2856
189	2857
189	2858
189	2859
189	2860
189	2861
189	2862
189	2863
189	2864
189	2865
189	2866
189	2867
189	2868
189	2869
189	2870
189	2871
189	2872
189	2873
189	2874
190	2875
190	2876
190	2877
190	2878
190	2879
190	2880
190	2881
190	2882
190	2883
190	2884
190	2885
190	2886
190	2887
190	2888
190	2889
190	2890
190	2891
190	2892
190	2893
190	2894
191	2895
191	2896
191	2897
191	2898
191	2899
191	2900
191	2901
191	2902
191	2903
191	2904
191	2905
191	2906
191	2907
191	2908
191	2909
191	2910
191	2911
191	2912
191	2913
192	2914
192	2915
192	2916
192	2917
192	2918
192	2919
192	2920
192	2921
192	2922
192	2923
192	2924
192	2925
192	2926
192	2927
192	2928
192	2929
192	2930
192	2931
192	2932
192	2933
192	2934
193	2935
193	2936
193	2937
193	2938
193	2939
193	2940
193	2941
193	2942
193	2943
193	2944
193	2945
193	2946
193	2947
193	2948
193	2949
193	2950
193	2951
193	2952
194	2953
194	2954
194	2955
194	2956
194	2957
194	2958
194	2959
194	2960
194	2961
194	2962
194	2963
194	2964
194	2965
194	2966
194	2967
194	2968
194	2969
194	2970
194	2971
194	2972
195	2973
195	2974
195	2975
195	2976
195	2977
195	2978
195	2979
195	2980
195	2981
195	2982
195	2983
195	2984
195	2985
195	2986
195	2987
195	2988
195	2989
195	2990
195	2991
195	2992
195	2993
195	2994
195	2995
196	2996
196	2997
196	2998
196	2999
196	3000
196	3001
196	3002
196	3003
196	3004
196	3005
196	3006
196	3007
196	3008
196	3009
196	3010
196	3011
196	3012
196	3013
196	3014
196	3015
196	3016
196	3017
196	3018
197	3019
197	3020
197	3021
197	3022
197	3023
197	3024
197	3025
197	3026
197	3027
197	3028
197	3029
197	3030
197	3031
197	3032
197	3033
197	3034
197	3035
197	3036
197	3037
197	3038
197	3039
197	3040
198	3041
198	3042
198	3043
198	3044
198	3045
198	3046
198	3047
198	3048
198	3049
198	3050
198	3051
198	3052
198	3053
198	3054
198	3055
198	3056
198	3057
198	3058
198	3059
198	3060
198	3061
199	3062
199	3063
199	3064
199	3065
199	3066
199	3067
199	3068
199	3069
199	3070
199	3071
199	3072
199	3073
199	3074
199	3075
199	3076
199	3077
199	3078
199	3079
199	3080
200	3081
200	3082
200	3083
200	3084
200	3085
200	3086
200	3087
200	3088
200	3089
200	3090
200	3091
200	3092
200	3093
200	3094
200	3095
200	3096
200	3097
200	3098
200	3099
200	3100
200	3101
201	3102
201	3103
201	3104
201	3105
201	3106
201	3107
201	3108
201	3109
201	3110
201	3111
201	3112
201	3113
201	3114
201	3115
201	3116
201	3117
201	3118
201	3119
201	3120
201	3121
202	3122
202	3123
202	3124
202	3125
202	3126
202	3127
202	3128
202	3129
202	3130
202	3131
202	3132
202	3133
202	3134
202	3135
202	3136
202	3137
202	3138
202	3139
202	3140
202	3141
203	3142
203	3143
203	3144
203	3145
203	3146
203	3147
203	3148
203	3149
203	3150
203	3151
203	3152
203	3153
203	3154
203	3155
203	3156
203	3157
203	3158
203	3159
203	3160
203	3161
203	3162
203	3163
203	3164
204	3165
204	3166
204	3167
204	3168
204	3169
204	3170
204	3171
204	3172
204	3173
204	3174
204	3175
204	3176
204	3177
204	3178
204	3179
204	3180
204	3181
204	3182
204	3183
204	3184
204	3185
205	3186
205	3187
205	3188
205	3189
205	3190
205	3191
205	3192
205	3193
205	3194
205	3195
205	3196
205	3197
205	3198
205	3199
205	3200
205	3201
205	3202
205	3203
205	3204
205	3205
206	3206
206	3207
206	3208
206	3209
206	3210
206	3211
206	3212
206	3213
206	3214
206	3215
206	3216
206	3217
206	3218
206	3219
206	3220
206	3221
206	3222
206	3223
206	3224
206	3225
206	3226
207	3227
207	3228
207	3229
207	3230
207	3231
207	3232
207	3233
207	3234
207	3235
207	3236
207	3237
207	3238
207	3239
207	3240
207	3241
207	3242
207	3243
207	3244
207	3245
207	3246
207	3247
207	3248
207	3249
208	3250
208	3251
208	3252
208	3253
208	3254
208	3255
208	3256
208	3257
208	3258
208	3259
208	3260
208	3261
208	3262
208	3263
208	3264
208	3265
208	3266
208	3267
208	3268
208	3269
208	3270
209	3271
209	3272
209	3273
209	3274
209	3275
209	3276
209	3277
209	3278
209	3279
209	3280
209	3281
209	3282
209	3283
209	3284
209	3285
209	3286
209	3287
209	3288
209	3289
209	3290
209	3291
209	3292
209	3293
210	3294
210	3295
210	3296
210	3297
210	3298
210	3299
210	3300
210	3301
210	3302
210	3303
210	3304
210	3305
210	3306
210	3307
210	3308
210	3309
210	3310
210	3311
210	3312
210	3313
211	3314
211	3315
211	3316
211	3317
211	3318
211	3319
211	3320
211	3321
211	3322
211	3323
211	3324
211	3325
211	3326
211	3327
211	3328
211	3329
211	3330
211	3331
211	3332
211	3333
211	3334
211	3335
212	3336
212	3337
212	3338
212	3339
212	3340
212	3341
212	3342
212	3343
212	3344
212	3345
212	3346
212	3347
212	3348
212	3349
212	3350
212	3351
212	3352
212	3353
212	3354
213	3355
213	3356
213	3357
213	3358
213	3359
213	3360
213	3361
213	3362
213	3363
213	3364
213	3365
213	3366
213	3367
213	3368
213	3369
213	3370
213	3371
213	3372
213	3373
213	3374
213	3375
214	3376
214	3377
214	3378
214	3379
214	3380
214	3381
214	3382
214	3383
214	3384
214	3385
214	3386
214	3387
214	3388
214	3389
214	3390
214	3391
214	3392
214	3393
214	3394
214	3395
214	3396
214	3397
214	3398
215	3399
215	3400
215	3401
215	3402
215	3403
215	3404
215	3405
215	3406
215	3407
215	3408
215	3409
215	3410
215	3411
215	3412
215	3413
215	3414
215	3415
215	3416
215	3417
215	3418
215	3419
215	3420
216	3421
216	3422
216	3423
216	3424
216	3425
216	3426
216	3427
216	3428
216	3429
216	3430
216	3431
216	3432
216	3433
216	3434
216	3435
216	3436
216	3437
216	3438
216	3439
216	3440
217	3441
217	3442
217	3443
217	3444
217	3445
217	3446
217	3447
217	3448
217	3449
217	3450
217	3451
217	3452
217	3453
217	3454
217	3455
217	3456
217	3457
217	3458
217	3459
217	3460
217	3461
218	3462
218	3463
218	3464
218	3465
218	3466
218	3467
218	3468
218	3469
218	3470
218	3471
218	3472
218	3473
218	3474
218	3475
218	3476
218	3477
218	3478
218	3479
218	3480
218	3481
218	3482
218	3483
219	3484
219	3485
219	3486
219	3487
219	3488
219	3489
219	3490
219	3491
219	3492
219	3493
219	3494
219	3495
219	3496
219	3497
219	3498
219	3499
219	3500
219	3501
219	3502
220	3503
220	3504
220	3505
220	3506
220	3507
220	3508
220	3509
220	3510
220	3511
220	3512
220	3513
220	3514
220	3515
220	3516
220	3517
220	3518
220	3519
220	3520
220	3521
221	3522
221	3523
221	3524
221	3525
221	3526
221	3527
221	3528
221	3529
221	3530
221	3531
221	3532
221	3533
221	3534
221	3535
221	3536
221	3537
221	3538
221	3539
221	3540
221	3541
221	3542
221	3543
221	3544
222	3545
222	3546
222	3547
222	3548
222	3549
222	3550
222	3551
222	3552
222	3553
222	3554
222	3555
222	3556
222	3557
222	3558
222	3559
222	3560
222	3561
222	3562
222	3563
222	3564
222	3565
222	3566
223	3567
223	3568
223	3569
223	3570
223	3571
223	3572
223	3573
223	3574
223	3575
223	3576
223	3577
223	3578
223	3579
223	3580
223	3581
223	3582
223	3583
223	3584
224	3585
224	3586
224	3587
224	3588
224	3589
224	3590
224	3591
224	3592
224	3593
224	3594
224	3595
224	3596
224	3597
224	3598
224	3599
224	3600
224	3601
224	3602
224	3603
224	3604
225	3605
225	3606
225	3607
225	3608
225	3609
225	3610
225	3611
225	3612
225	3613
225	3614
225	3615
225	3616
225	3617
225	3618
225	3619
225	3620
225	3621
225	3622
225	3623
225	3624
225	3625
225	3626
226	3627
226	3628
226	3629
226	3630
226	3631
226	3632
226	3633
226	3634
226	3635
226	3636
226	3637
226	3638
226	3639
226	3640
226	3641
226	3642
226	3643
226	3644
226	3645
226	3646
226	3647
227	3648
227	3649
227	3650
227	3651
227	3652
227	3653
227	3654
227	3655
227	3656
227	3657
227	3658
227	3659
227	3660
227	3661
227	3662
227	3663
227	3664
227	3665
227	3666
227	3667
227	3668
227	3669
228	3670
228	3671
228	3672
228	3673
228	3674
228	3675
228	3676
228	3677
228	3678
228	3679
228	3680
228	3681
228	3682
228	3683
228	3684
228	3685
228	3686
228	3687
228	3688
228	3689
229	3690
229	3691
229	3692
229	3693
229	3694
229	3695
229	3696
229	3697
229	3698
229	3699
229	3700
229	3701
229	3702
229	3703
229	3704
229	3705
229	3706
229	3707
229	3708
229	3709
229	3710
230	3711
230	3712
230	3713
230	3714
230	3715
230	3716
230	3717
230	3718
230	3719
230	3720
230	3721
230	3722
230	3723
230	3724
230	3725
230	3726
230	3727
230	3728
230	3729
230	3730
230	3731
230	3732
230	3733
231	3734
231	3735
231	3736
231	3737
231	3738
231	3739
231	3740
231	3741
231	3742
231	3743
231	3744
231	3745
231	3746
231	3747
231	3748
231	3749
231	3750
231	3751
231	3752
231	3753
232	3754
232	3755
232	3756
232	3757
232	3758
232	3759
232	3760
232	3761
232	3762
232	3763
232	3764
232	3765
232	3766
232	3767
232	3768
232	3769
232	3770
232	3771
232	3772
232	3773
232	3774
233	3775
233	3776
233	3777
233	3778
233	3779
233	3780
233	3781
233	3782
233	3783
233	3784
233	3785
233	3786
233	3787
233	3788
233	3789
233	3790
233	3791
233	3792
234	3793
234	3794
234	3795
234	3796
234	3797
234	3798
234	3799
234	3800
234	3801
234	3802
234	3803
234	3804
234	3805
234	3806
234	3807
234	3808
234	3809
235	3810
235	3811
235	3812
235	3813
235	3814
235	3815
235	3816
235	3817
235	3818
235	3819
235	3820
235	3821
235	3822
235	3823
235	3824
235	3825
235	3826
235	3827
235	3828
235	3829
235	3830
235	3831
235	3832
236	3833
236	3834
236	3835
236	3836
236	3837
236	3838
236	3839
236	3840
236	3841
236	3842
236	3843
236	3844
236	3845
236	3846
236	3847
236	3848
236	3849
236	3850
236	3851
236	3852
236	3853
236	3854
237	3855
237	3856
237	3857
237	3858
237	3859
237	3860
237	3861
237	3862
237	3863
237	3864
237	3865
237	3866
237	3867
237	3868
237	3869
237	3870
237	3871
237	3872
237	3873
237	3874
237	3875
237	3876
238	3877
238	3878
238	3879
238	3880
238	3881
238	3882
238	3883
238	3884
238	3885
238	3886
238	3887
238	3888
238	3889
238	3890
238	3891
238	3892
238	3893
238	3894
238	3895
238	3896
238	3897
239	3898
239	3899
239	3900
239	3901
239	3902
239	3903
239	3904
239	3905
239	3906
239	3907
239	3908
239	3909
239	3910
239	3911
239	3912
239	3913
239	3914
239	3915
240	3916
240	3917
240	3918
240	3919
240	3920
240	3921
240	3922
240	3923
240	3924
240	3925
240	3926
240	3927
240	3928
240	3929
240	3930
240	3931
240	3932
240	3933
240	3934
240	3935
241	3936
241	3937
241	3938
241	3939
241	3940
241	3941
241	3942
241	3943
241	3944
241	3945
241	3946
241	3947
241	3948
241	3949
241	3950
241	3951
241	3952
241	3953
241	3954
242	3955
242	3956
242	3957
242	3958
242	3959
242	3960
242	3961
242	3962
242	3963
242	3964
242	3965
242	3966
242	3967
242	3968
242	3969
242	3970
242	3971
242	3972
242	3973
242	3974
242	3975
243	3976
243	3977
243	3978
243	3979
243	3980
243	3981
243	3982
243	3983
243	3984
243	3985
243	3986
243	3987
243	3988
244	3989
244	3990
244	3991
244	3992
244	3993
244	3994
244	3995
244	3996
244	3997
244	3998
244	3999
244	4000
244	4001
244	4002
244	4003
244	4004
244	4005
244	4006
244	4007
244	4008
244	4009
245	4010
245	4011
245	4012
245	4013
245	4014
245	4015
245	4016
245	4017
245	4018
245	4019
245	4020
245	4021
245	4022
245	4023
245	4024
245	4025
245	4026
245	4027
245	4028
245	4029
245	4030
245	4031
246	4032
246	4033
246	4034
246	4035
246	4036
246	4037
246	4038
246	4039
246	4040
246	4041
246	4042
246	4043
246	4044
246	4045
246	4046
246	4047
246	4048
246	4049
247	4050
247	4051
247	4052
247	4053
247	4054
247	4055
247	4056
247	4057
247	4058
247	4059
247	4060
247	4061
247	4062
247	4063
247	4064
247	4065
247	4066
247	4067
247	4068
247	4069
247	4070
247	4071
247	4072
248	4073
248	4074
248	4075
248	4076
248	4077
248	4078
248	4079
248	4080
248	4081
248	4082
248	4083
248	4084
248	4085
248	4086
248	4087
248	4088
248	4089
248	4090
248	4091
249	4092
249	4093
249	4094
249	4095
249	4096
249	4097
249	4098
249	4099
249	4100
249	4101
249	4102
249	4103
249	4104
249	4105
249	4106
249	4107
249	4108
249	4109
249	4110
250	4111
250	4112
250	4113
250	4114
250	4115
250	4116
250	4117
250	4118
250	4119
250	4120
250	4121
250	4122
250	4123
250	4124
250	4125
250	4126
250	4127
250	4128
250	4129
250	4130
250	4131
251	4132
251	4133
251	4134
251	4135
251	4136
251	4137
251	4138
251	4139
251	4140
251	4141
251	4142
251	4143
251	4144
251	4145
251	4146
251	4147
251	4148
251	4149
251	4150
251	4151
252	4152
252	4153
252	4154
252	4155
252	4156
252	4157
252	4158
252	4159
252	4160
252	4161
252	4162
252	4163
252	4164
252	4165
252	4166
252	4167
252	4168
252	4169
252	4170
252	4171
253	4172
253	4173
253	4174
253	4175
253	4176
253	4177
253	4178
253	4179
253	4180
253	4181
253	4182
253	4183
253	4184
253	4185
253	4186
253	4187
253	4188
253	4189
253	4190
253	4191
253	4192
253	4193
253	4194
254	4195
254	4196
254	4197
254	4198
254	4199
254	4200
254	4201
254	4202
254	4203
254	4204
254	4205
254	4206
254	4207
254	4208
254	4209
254	4210
254	4211
254	4212
254	4213
254	4214
255	4215
255	4216
255	4217
255	4218
255	4219
255	4220
255	4221
255	4222
255	4223
255	4224
255	4225
255	4226
255	4227
255	4228
255	4229
255	4230
255	4231
255	4232
255	4233
255	4234
255	4235
255	4236
256	4237
256	4238
256	4239
256	4240
256	4241
256	4242
256	4243
256	4244
256	4245
256	4246
256	4247
256	4248
256	4249
256	4250
256	4251
256	4252
256	4253
256	4254
256	4255
256	4256
256	4257
256	4258
256	4259
257	4260
257	4261
257	4262
257	4263
257	4264
257	4265
257	4266
257	4267
257	4268
257	4269
257	4270
257	4271
257	4272
257	4273
257	4274
257	4275
257	4276
257	4277
257	4278
257	4279
257	4280
257	4281
257	4282
257	4283
258	4284
258	4285
258	4286
258	4287
258	4288
258	4289
258	4290
258	4291
258	4292
258	4293
258	4294
258	4295
258	4296
258	4297
258	4298
258	4299
258	4300
258	4301
258	4302
258	4303
258	4304
259	4305
259	4306
259	4307
259	4308
259	4309
259	4310
259	4311
259	4312
259	4313
259	4314
259	4315
259	4316
259	4317
259	4318
259	4319
259	4320
259	4321
259	4322
259	4323
259	4324
259	4325
259	4326
259	4327
260	4328
260	4329
260	4330
260	4331
260	4332
260	4333
260	4334
260	4335
260	4336
260	4337
260	4338
260	4339
260	4340
260	4341
260	4342
260	4343
260	4344
260	4345
260	4346
260	4347
260	4348
260	4349
260	4350
261	4351
261	4352
261	4353
261	4354
261	4355
261	4356
261	4357
261	4358
261	4359
261	4360
261	4361
261	4362
261	4363
261	4364
261	4365
261	4366
261	4367
261	4368
261	4369
261	4370
261	4371
261	4372
262	4373
262	4374
262	4375
262	4376
262	4377
262	4378
262	4379
262	4380
262	4381
262	4382
262	4383
262	4384
262	4385
262	4386
262	4387
262	4388
262	4389
262	4390
262	4391
262	4392
262	4393
263	4394
263	4395
263	4396
263	4397
263	4398
263	4399
263	4400
263	4401
263	4402
263	4403
263	4404
263	4405
263	4406
263	4407
263	4408
263	4409
263	4410
263	4411
263	4412
263	4413
263	4414
263	4415
263	4416
263	4417
264	4418
264	4419
264	4420
264	4421
264	4422
264	4423
264	4424
264	4425
264	4426
264	4427
264	4428
264	4429
264	4430
264	4431
264	4432
264	4433
264	4434
264	4435
264	4436
265	4437
265	4438
265	4439
265	4440
265	4441
265	4442
265	4443
265	4444
265	4445
265	4446
265	4447
265	4448
265	4449
265	4450
265	4451
265	4452
265	4453
265	4454
265	4455
265	4456
265	4457
266	4458
266	4459
266	4460
266	4461
266	4462
266	4463
266	4464
266	4465
266	4466
266	4467
266	4468
266	4469
266	4470
266	4471
266	4472
266	4473
266	4474
266	4475
266	4476
266	4477
266	4478
266	4479
267	4480
267	4481
267	4482
267	4483
267	4484
267	4485
267	4486
267	4487
267	4488
267	4489
267	4490
267	4491
267	4492
267	4493
267	4494
267	4495
267	4496
267	4497
267	4498
267	4499
267	4500
267	4501
268	4502
268	4503
268	4504
268	4505
268	4506
268	4507
268	4508
268	4509
268	4510
268	4511
268	4512
268	4513
268	4514
268	4515
268	4516
268	4517
268	4518
268	4519
268	4520
268	4521
268	4522
268	4523
268	4524
269	4525
269	4526
269	4527
269	4528
269	4529
269	4530
269	4531
269	4532
269	4533
269	4534
269	4535
269	4536
269	4537
269	4538
269	4539
269	4540
269	4541
269	4542
269	4543
269	4544
270	4545
270	4546
270	4547
270	4548
270	4549
270	4550
270	4551
270	4552
270	4553
270	4554
270	4555
270	4556
270	4557
270	4558
270	4559
270	4560
270	4561
270	4562
270	4563
270	4564
271	4565
271	4566
271	4567
271	4568
271	4569
271	4570
271	4571
271	4572
271	4573
271	4574
271	4575
271	4576
271	4577
271	4578
271	4579
271	4580
271	4581
271	4582
271	4583
271	4584
271	4585
271	4586
272	4587
272	4588
272	4589
272	4590
272	4591
272	4592
272	4593
272	4594
272	4595
272	4596
272	4597
272	4598
272	4599
272	4600
272	4601
272	4602
272	4603
272	4604
272	4605
272	4606
272	4607
272	4608
273	4609
273	4610
273	4611
273	4612
273	4613
273	4614
273	4615
273	4616
273	4617
273	4618
273	4619
273	4620
273	4621
273	4622
273	4623
273	4624
273	4625
273	4626
273	4627
273	4628
273	4629
273	4630
273	4631
274	4632
274	4633
274	4634
274	4635
274	4636
274	4637
274	4638
274	4639
274	4640
274	4641
274	4642
274	4643
274	4644
274	4645
274	4646
274	4647
274	4648
274	4649
274	4650
274	4651
275	4652
275	4653
275	4654
275	4655
275	4656
275	4657
275	4658
275	4659
275	4660
275	4661
275	4662
275	4663
275	4664
275	4665
275	4666
275	4667
275	4668
275	4669
275	4670
275	4671
275	4672
276	4673
276	4674
276	4675
276	4676
276	4677
276	4678
276	4679
276	4680
276	4681
276	4682
276	4683
276	4684
276	4685
276	4686
276	4687
276	4688
276	4689
276	4690
276	4691
276	4692
276	4693
276	4694
276	4695
277	4696
277	4697
277	4698
277	4699
277	4700
277	4701
277	4702
277	4703
277	4704
277	4705
277	4706
277	4707
277	4708
277	4709
277	4710
277	4711
277	4712
277	4713
277	4714
277	4715
277	4716
277	4717
277	4718
278	4719
278	4720
278	4721
278	4722
278	4723
278	4724
278	4725
278	4726
278	4727
278	4728
278	4729
278	4730
278	4731
278	4732
278	4733
278	4734
278	4735
278	4736
278	4737
278	4738
278	4739
279	4740
279	4741
279	4742
279	4743
279	4744
279	4745
279	4746
279	4747
279	4748
279	4749
279	4750
279	4751
279	4752
279	4753
279	4754
279	4755
279	4756
279	4757
279	4758
279	4759
279	4760
280	4761
280	4762
280	4763
280	4764
280	4765
280	4766
280	4767
280	4768
280	4769
280	4770
280	4771
280	4772
280	4773
280	4774
280	4775
280	4776
280	4777
280	4778
280	4779
280	4780
280	4781
280	4782
280	4783
281	4784
281	4785
281	4786
281	4787
281	4788
281	4789
281	4790
281	4791
281	4792
281	4793
281	4794
281	4795
281	4796
281	4797
281	4798
281	4799
281	4800
281	4801
281	4802
281	4803
281	4804
282	4805
282	4806
282	4807
282	4808
282	4809
282	4810
282	4811
282	4812
282	4813
282	4814
282	4815
282	4816
282	4817
282	4818
282	4819
282	4820
282	4821
282	4822
282	4823
282	4824
282	4825
282	4826
283	4827
283	4828
283	4829
283	4830
283	4831
283	4832
283	4833
283	4834
283	4835
283	4836
283	4837
283	4838
283	4839
283	4840
283	4841
283	4842
283	4843
283	4844
283	4845
283	4846
284	4847
284	4848
284	4849
284	4850
284	4851
284	4852
284	4853
284	4854
284	4855
284	4856
284	4857
284	4858
284	4859
284	4860
284	4861
284	4862
284	4863
284	4864
285	4865
285	4866
285	4867
285	4868
285	4869
285	4870
285	4871
285	4872
285	4873
285	4874
285	4875
285	4876
285	4877
285	4878
285	4879
285	4880
285	4881
285	4882
285	4883
285	4884
286	4885
286	4886
286	4887
286	4888
286	4889
286	4890
286	4891
286	4892
286	4893
286	4894
286	4895
286	4896
286	4897
286	4898
286	4899
286	4900
286	4901
286	4902
286	4903
286	4904
286	4905
286	4906
287	4907
287	4908
287	4909
287	4910
287	4911
287	4912
287	4913
287	4914
287	4915
287	4916
287	4917
287	4918
287	4919
287	4920
287	4921
287	4922
287	4923
287	4924
287	4925
287	4926
287	4927
288	4928
288	4929
288	4930
288	4931
288	4932
288	4933
288	4934
288	4935
288	4936
288	4937
288	4938
288	4939
288	4940
288	4941
288	4942
288	4943
288	4944
288	4945
288	4946
288	4947
288	4948
288	4949
289	4950
289	4951
289	4952
289	4953
289	4954
289	4955
289	4956
289	4957
289	4958
289	4959
289	4960
289	4961
289	4962
289	4963
289	4964
289	4965
289	4966
289	4967
289	4968
289	4969
289	4970
289	4971
290	4972
290	4973
290	4974
290	4975
290	4976
290	4977
290	4978
290	4979
290	4980
290	4981
290	4982
290	4983
290	4984
290	4985
290	4986
290	4987
290	4988
290	4989
290	4990
290	4991
291	4992
291	4993
291	4994
291	4995
291	4996
291	4997
291	4998
291	4999
291	5000
291	5001
291	5002
291	5003
291	5004
291	5005
291	5006
291	5007
291	5008
291	5009
291	5010
291	5011
291	5012
292	5013
292	5014
292	5015
292	5016
292	5017
292	5018
292	5019
292	5020
292	5021
292	5022
292	5023
292	5024
292	5025
292	5026
292	5027
292	5028
292	5029
292	5030
292	5031
292	5032
293	5033
293	5034
293	5035
293	5036
293	5037
293	5038
293	5039
293	5040
293	5041
293	5042
293	5043
293	5044
293	5045
293	5046
293	5047
293	5048
293	5049
293	5050
293	5051
293	5052
293	5053
293	5054
294	5055
294	5056
294	5057
294	5058
294	5059
294	5060
294	5061
294	5062
294	5063
294	5064
294	5065
294	5066
294	5067
294	5068
294	5069
294	5070
294	5071
294	5072
294	5073
294	5074
294	5075
295	5076
295	5077
295	5078
295	5079
295	5080
295	5081
295	5082
295	5083
295	5084
295	5085
295	5086
295	5087
295	5088
295	5089
295	5090
295	5091
296	5092
296	5093
296	5094
296	5095
296	5096
296	5097
296	5098
296	5099
296	5100
296	5101
296	5102
296	5103
296	5104
296	5105
296	5106
296	5107
296	5108
296	5109
296	5110
296	5111
296	5112
297	5113
297	5114
297	5115
297	5116
297	5117
297	5118
297	5119
297	5120
297	5121
297	5122
297	5123
297	5124
297	5125
297	5126
297	5127
298	5128
298	5129
298	5130
298	5131
298	5132
298	5133
298	5134
298	5135
298	5136
298	5137
298	5138
298	5139
298	5140
298	5141
298	5142
298	5143
298	5144
298	5145
298	5146
298	5147
298	5148
298	5149
298	5150
299	5151
299	5152
299	5153
299	5154
299	5155
299	5156
299	5157
299	5158
299	5159
299	5160
299	5161
299	5162
299	5163
299	5164
299	5165
299	5166
299	5167
299	5168
299	5169
299	5170
300	5171
300	5172
300	5173
300	5174
300	5175
300	5176
300	5177
300	5178
300	5179
300	5180
300	5181
300	5182
300	5183
300	5184
300	5185
300	5186
300	5187
300	5188
300	5189
301	5190
301	5191
301	5192
301	5193
301	5194
301	5195
301	5196
301	5197
301	5198
301	5199
301	5200
301	5201
301	5202
301	5203
301	5204
301	5205
302	5206
302	5207
302	5208
302	5209
302	5210
302	5211
302	5212
302	5213
303	5214
303	5215
303	5216
303	5217
303	5218
303	5219
303	5220
303	5221
303	5222
303	5223
303	5224
303	5225
304	5226
304	5227
304	5228
304	5229
304	5230
305	5231
305	5232
305	5233
305	5234
305	5235
305	5236
323	5237
337	5238
341	5239
341	5240
341	5241
341	5242
341	5243
341	5244
341	5245
341	5246
341	5247
341	5248
341	5249
341	5250
341	5251
341	5252
341	5253
341	5254
341	5255
341	5256
341	5257
342	5258
342	5259
342	5260
342	5261
342	5262
342	5263
342	5264
342	5265
342	5266
342	5267
342	5268
342	5269
342	5270
342	5271
342	5272
342	5273
342	5274
342	5275
342	5276
342	5277
342	5278
342	5279
342	5280
342	5281
342	5282
343	5283
343	5284
343	5285
343	5286
343	5287
343	5288
343	5289
343	5290
343	5291
343	5292
343	5293
343	5294
343	5295
343	5296
343	5297
343	5298
343	5299
343	5300
343	5301
343	5302
343	5303
343	5304
343	5305
343	5306
344	5307
344	5308
344	5309
344	5310
344	5311
344	5312
344	5313
344	5314
344	5315
344	5316
344	5317
344	5318
344	5319
344	5320
344	5321
344	5322
344	5323
344	5324
344	5325
344	5326
344	5327
345	5328
345	5329
345	5330
345	5331
345	5332
345	5333
345	5334
345	5335
345	5336
345	5337
345	5338
345	5339
345	5340
345	5341
345	5342
345	5343
345	5344
345	5345
345	5346
345	5347
345	5348
345	5349
346	5350
346	5351
346	5352
346	5353
346	5354
346	5355
346	5356
346	5357
346	5358
346	5359
346	5360
346	5361
346	5362
346	5363
346	5364
346	5365
346	5366
346	5367
346	5368
346	5369
346	5370
346	5371
346	5372
347	5373
347	5374
347	5375
347	5376
347	5377
347	5378
347	5379
347	5380
347	5381
347	5382
347	5383
347	5384
347	5385
347	5386
347	5387
347	5388
347	5389
347	5390
347	5391
347	5392
347	5393
347	5394
347	5395
347	5396
347	5397
348	5398
348	5399
348	5400
348	5401
348	5402
348	5403
348	5404
348	5405
348	5406
348	5407
348	5408
348	5409
348	5410
348	5411
348	5412
348	5413
348	5414
348	5415
348	5416
348	5417
348	5418
349	5419
349	5420
349	5421
349	5422
349	5423
349	5424
349	5425
349	5426
349	5427
349	5428
349	5429
349	5430
349	5431
349	5432
349	5433
349	5434
349	5435
349	5436
349	5437
349	5438
349	5439
349	5440
349	5441
350	5442
350	5443
350	5444
350	5445
350	5446
350	5447
350	5448
350	5449
350	5450
350	5451
350	5452
350	5453
350	5454
350	5455
350	5456
350	5457
350	5458
350	5459
350	5460
350	5461
350	5462
350	5463
351	5464
351	5465
351	5466
351	5467
351	5468
351	5469
351	5470
351	5471
351	5472
351	5473
351	5474
351	5475
351	5476
351	5477
351	5478
351	5479
351	5480
351	5481
351	5482
351	5483
351	5484
351	5485
352	5486
352	5487
352	5488
352	5489
352	5490
352	5491
352	5492
352	5493
352	5494
352	5495
352	5496
352	5497
352	5498
352	5499
352	5500
352	5501
352	5502
352	5503
352	5504
352	5505
352	5506
352	5507
353	5508
353	5509
353	5510
353	5511
353	5512
353	5513
353	5514
353	5515
353	5516
353	5517
353	5518
353	5519
353	5520
353	5521
353	5522
353	5523
353	5524
353	5525
353	5526
353	5527
353	5528
353	5529
353	5530
354	5531
354	5532
354	5533
354	5534
354	5535
354	5536
354	5537
354	5538
354	5539
354	5540
354	5541
354	5542
354	5543
354	5544
354	5545
354	5546
354	5547
354	5548
354	5549
354	5550
354	5551
354	5552
354	5553
355	5554
355	5555
355	5556
355	5557
355	5558
355	5559
355	5560
355	5561
355	5562
355	5563
355	5564
355	5565
355	5566
355	5567
355	5568
355	5569
355	5570
355	5571
355	5572
355	5573
355	5574
355	5575
355	5576
356	5577
356	5578
356	5579
356	5580
356	5581
356	5582
356	5583
356	5584
356	5585
356	5586
356	5587
356	5588
356	5589
356	5590
356	5591
356	5592
356	5593
356	5594
356	5595
356	5596
356	5597
356	5598
356	5599
357	5600
357	5601
357	5602
357	5603
357	5604
357	5605
357	5606
357	5607
357	5608
357	5609
357	5610
357	5611
357	5612
357	5613
357	5614
357	5615
357	5616
357	5617
357	5618
357	5619
357	5620
357	5621
358	5622
358	5623
358	5624
358	5625
358	5626
358	5627
358	5628
358	5629
358	5630
358	5631
358	5632
358	5633
358	5634
358	5635
358	5636
358	5637
358	5638
358	5639
358	5640
358	5641
358	5642
358	5643
358	5644
358	5645
359	5646
359	5647
359	5648
359	5649
359	5650
359	5651
359	5652
359	5653
359	5654
359	5655
359	5656
359	5657
359	5658
359	5659
359	5660
359	5661
359	5662
359	5663
359	5664
359	5665
359	5666
359	5667
359	5668
360	5669
360	5670
360	5671
360	5672
360	5673
360	5674
360	5675
360	5676
360	5677
360	5678
360	5679
360	5680
360	5681
360	5682
360	5683
360	5684
360	5685
360	5686
360	5687
360	5688
360	5689
360	5690
361	5691
361	5692
361	5693
361	5694
361	5695
361	5696
361	5697
361	5698
361	5699
361	5700
361	5701
361	5702
361	5703
361	5704
361	5705
361	5706
361	5707
361	5708
361	5709
361	5710
361	5711
361	5712
362	5713
362	5714
362	5715
362	5716
362	5717
362	5718
362	5719
362	5720
362	5721
362	5722
362	5723
362	5724
362	5725
362	5726
362	5727
362	5728
362	5729
362	5730
362	5731
362	5732
362	5733
362	5734
363	5735
363	5736
363	5737
363	5738
363	5739
363	5740
363	5741
363	5742
363	5743
363	5744
363	5745
363	5746
363	5747
363	5748
363	5749
363	5750
363	5751
363	5752
363	5753
363	5754
363	5755
363	5756
363	5757
364	5758
364	5759
364	5760
364	5761
364	5762
364	5763
364	5764
364	5765
364	5766
364	5767
364	5768
364	5769
364	5770
364	5771
364	5772
364	5773
364	5774
364	5775
364	5776
364	5777
364	5778
364	5779
364	5780
364	5781
365	5782
365	5783
365	5784
365	5785
365	5786
365	5787
365	5788
365	5789
365	5790
365	5791
365	5792
365	5793
365	5794
365	5795
365	5796
365	5797
365	5798
365	5799
365	5800
365	5801
365	5802
365	5803
365	5804
366	5805
366	5806
366	5807
366	5808
366	5809
366	5810
366	5811
366	5812
366	5813
366	5814
366	5815
366	5816
366	5817
366	5818
366	5819
366	5820
366	5821
366	5822
366	5823
366	5824
366	5825
366	5826
366	5827
367	5828
367	5829
367	5830
367	5831
367	5832
367	5833
367	5834
367	5835
367	5836
367	5837
367	5838
367	5839
367	5840
367	5841
367	5842
367	5843
367	5844
367	5845
367	5846
367	5847
367	5848
367	5849
367	5850
367	5851
368	5852
368	5853
368	5854
368	5855
368	5856
368	5857
368	5858
368	5859
368	5860
368	5861
368	5862
368	5863
368	5864
368	5865
368	5866
368	5867
368	5868
368	5869
368	5870
368	5871
368	5872
368	5873
368	5874
368	5875
369	5876
369	5877
369	5878
369	5879
369	5880
369	5881
369	5882
369	5883
369	5884
369	5885
369	5886
369	5887
369	5888
369	5889
369	5890
369	5891
369	5892
369	5893
369	5894
369	5895
369	5896
369	5897
369	5898
370	5899
370	5900
370	5901
370	5902
370	5903
370	5904
370	5905
370	5906
370	5907
370	5908
370	5909
370	5910
370	5911
370	5912
370	5913
370	5914
370	5915
370	5916
370	5917
370	5918
370	5919
370	5920
370	5921
370	5922
371	5923
371	5924
371	5925
371	5926
371	5927
371	5928
371	5929
371	5930
371	5931
371	5932
371	5933
371	5934
371	5935
371	5936
371	5937
371	5938
371	5939
371	5940
371	5941
371	5942
371	5943
372	5944
372	5945
372	5946
372	5947
372	5948
372	5949
372	5950
372	5951
372	5952
372	5953
372	5954
372	5955
372	5956
372	5957
372	5958
372	5959
372	5960
372	5961
372	5962
372	5963
372	5964
372	5965
372	5966
373	5967
373	5968
373	5969
373	5970
373	5971
373	5972
373	5973
373	5974
373	5975
373	5976
373	5977
373	5978
373	5979
373	5980
373	5981
373	5982
373	5983
373	5984
373	5985
373	5986
373	5987
373	5988
374	5989
374	5990
374	5991
374	5992
374	5993
374	5994
374	5995
374	5996
374	5997
374	5998
374	5999
374	6000
374	6001
374	6002
374	6003
374	6004
374	6005
374	6006
374	6007
374	6008
374	6009
374	6010
374	6011
374	6012
375	6013
375	6014
375	6015
375	6016
375	6017
375	6018
375	6019
375	6020
375	6021
375	6022
375	6023
375	6024
375	6025
375	6026
375	6027
375	6028
375	6029
375	6030
375	6031
375	6032
375	6033
375	6034
376	6035
376	6036
376	6037
376	6038
376	6039
376	6040
376	6041
376	6042
376	6043
376	6044
376	6045
376	6046
376	6047
376	6048
376	6049
376	6050
376	6051
376	6052
376	6053
376	6054
376	6055
376	6056
376	6057
377	6058
377	6059
377	6060
377	6061
377	6062
377	6063
377	6064
377	6065
377	6066
377	6067
377	6068
377	6069
377	6070
377	6071
377	6072
377	6073
377	6074
377	6075
377	6076
377	6077
377	6078
377	6079
377	6080
377	6081
377	6082
378	6083
378	6084
378	6085
378	6086
378	6087
378	6088
378	6089
378	6090
378	6091
378	6092
378	6093
378	6094
378	6095
378	6096
378	6097
378	6098
378	6099
378	6100
378	6101
378	6102
378	6103
378	6104
379	6105
379	6106
379	6107
379	6108
379	6109
379	6110
379	6111
379	6112
379	6113
379	6114
379	6115
379	6116
379	6117
379	6118
379	6119
379	6120
379	6121
379	6122
379	6123
379	6124
379	6125
379	6126
379	6127
380	6128
380	6129
380	6130
380	6131
380	6132
380	6133
380	6134
380	6135
380	6136
380	6137
380	6138
380	6139
380	6140
380	6141
380	6142
380	6143
380	6144
380	6145
380	6146
380	6147
380	6148
380	6149
380	6150
380	6151
380	6152
381	6153
381	6154
381	6155
381	6156
381	6157
381	6158
381	6159
381	6160
381	6161
381	6162
381	6163
381	6164
381	6165
381	6166
381	6167
381	6168
381	6169
381	6170
381	6171
381	6172
382	6173
382	6174
382	6175
382	6176
382	6177
382	6178
382	6179
382	6180
382	6181
382	6182
382	6183
382	6184
382	6185
382	6186
382	6187
382	6188
382	6189
382	6190
382	6191
382	6192
382	6193
382	6194
382	6195
382	6196
383	6197
383	6198
383	6199
383	6200
383	6201
383	6202
383	6203
383	6204
383	6205
383	6206
383	6207
383	6208
383	6209
383	6210
383	6211
383	6212
383	6213
383	6214
383	6215
383	6216
383	6217
383	6218
383	6219
384	6220
384	6221
384	6222
384	6223
384	6224
384	6225
384	6226
384	6227
384	6228
384	6229
384	6230
384	6231
384	6232
384	6233
384	6234
384	6235
384	6236
384	6237
384	6238
384	6239
384	6240
384	6241
384	6242
385	6243
385	6244
385	6245
385	6246
385	6247
385	6248
385	6249
385	6250
385	6251
385	6252
385	6253
385	6254
385	6255
385	6256
385	6257
385	6258
385	6259
385	6260
385	6261
385	6262
385	6263
385	6264
385	6265
386	6266
386	6267
386	6268
386	6269
386	6270
386	6271
386	6272
386	6273
386	6274
386	6275
386	6276
386	6277
386	6278
386	6279
386	6280
386	6281
386	6282
386	6283
386	6284
386	6285
386	6286
386	6287
386	6288
386	6289
387	6290
387	6291
387	6292
387	6293
387	6294
387	6295
387	6296
387	6297
387	6298
387	6299
387	6300
387	6301
387	6302
387	6303
387	6304
387	6305
387	6306
387	6307
387	6308
387	6309
387	6310
387	6311
388	6312
388	6313
388	6314
388	6315
388	6316
388	6317
388	6318
388	6319
388	6320
388	6321
388	6322
388	6323
388	6324
388	6325
388	6326
388	6327
388	6328
388	6329
388	6330
388	6331
388	6332
388	6333
388	6334
388	6335
389	6336
389	6337
389	6338
389	6339
389	6340
389	6341
389	6342
389	6343
389	6344
389	6345
389	6346
389	6347
389	6348
389	6349
389	6350
389	6351
389	6352
389	6353
389	6354
389	6355
389	6356
389	6357
389	6358
390	6359
390	6360
390	6361
390	6362
390	6363
390	6364
390	6365
390	6366
390	6367
390	6368
390	6369
390	6370
390	6371
390	6372
390	6373
390	6374
390	6375
390	6376
390	6377
390	6378
390	6379
390	6380
390	6381
390	6382
391	6383
391	6384
391	6385
391	6386
391	6387
391	6388
391	6389
391	6390
391	6391
391	6392
391	6393
391	6394
391	6395
391	6396
391	6397
391	6398
391	6399
391	6400
391	6401
391	6402
391	6403
391	6404
391	6405
392	6406
392	6407
392	6408
392	6409
392	6410
392	6411
392	6412
392	6413
392	6414
392	6415
392	6416
392	6417
392	6418
392	6419
392	6420
392	6421
392	6422
392	6423
392	6424
392	6425
393	6426
393	6427
393	6428
393	6429
393	6430
393	6431
393	6432
393	6433
393	6434
393	6435
393	6436
393	6437
393	6438
393	6439
393	6440
393	6441
393	6442
393	6443
393	6444
393	6445
393	6446
393	6447
393	6448
393	6449
393	6450
394	6451
394	6452
394	6453
394	6454
394	6455
394	6456
394	6457
394	6458
394	6459
394	6460
394	6461
394	6462
394	6463
394	6464
394	6465
394	6466
394	6467
394	6468
394	6469
394	6470
394	6471
394	6472
395	6473
395	6474
395	6475
395	6476
395	6477
395	6478
395	6479
395	6480
395	6481
395	6482
395	6483
395	6484
395	6485
395	6486
395	6487
395	6488
395	6489
395	6490
395	6491
395	6492
395	6493
395	6494
395	6495
395	6496
395	6497
396	6498
396	6499
396	6500
396	6501
396	6502
396	6503
396	6504
396	6505
396	6506
396	6507
396	6508
396	6509
396	6510
396	6511
396	6512
396	6513
396	6514
396	6515
396	6516
396	6517
396	6518
397	6519
397	6520
397	6521
397	6522
397	6523
397	6524
397	6525
397	6526
397	6527
397	6528
397	6529
397	6530
397	6531
397	6532
397	6533
397	6534
397	6535
397	6536
397	6537
397	6538
397	6539
397	6540
397	6541
398	6542
398	6543
398	6544
398	6545
398	6546
398	6547
398	6548
398	6549
398	6550
398	6551
398	6552
398	6553
398	6554
398	6555
398	6556
398	6557
398	6558
398	6559
398	6560
398	6561
398	6562
398	6563
398	6564
398	6565
399	6566
399	6567
399	6568
399	6569
399	6570
399	6571
399	6572
399	6573
399	6574
399	6575
399	6576
399	6577
399	6578
399	6579
399	6580
399	6581
399	6582
399	6583
399	6584
399	6585
399	6586
399	6587
399	6588
400	6589
400	6590
400	6591
400	6592
400	6593
400	6594
400	6595
400	6596
400	6597
400	6598
400	6599
400	6600
400	6601
400	6602
400	6603
400	6604
400	6605
400	6606
400	6607
400	6608
400	6609
400	6610
400	6611
401	6612
401	6613
401	6614
401	6615
401	6616
401	6617
401	6618
401	6619
401	6620
401	6621
401	6622
401	6623
401	6624
401	6625
401	6626
401	6627
401	6628
401	6629
401	6630
401	6631
401	6632
401	6633
401	6634
401	6635
401	6636
402	6637
402	6638
402	6639
402	6640
402	6641
402	6642
402	6643
402	6644
402	6645
402	6646
402	6647
402	6648
402	6649
402	6650
402	6651
402	6652
402	6653
402	6654
402	6655
403	6656
403	6657
403	6658
403	6659
403	6660
403	6661
403	6662
403	6663
403	6664
403	6665
403	6666
403	6667
403	6668
403	6669
403	6670
403	6671
403	6672
403	6673
403	6674
403	6675
403	6676
403	6677
403	6678
404	6679
404	6680
404	6681
404	6682
404	6683
404	6684
404	6685
404	6686
404	6687
404	6688
404	6689
404	6690
404	6691
404	6692
404	6693
404	6694
404	6695
404	6696
404	6697
404	6698
404	6699
404	6700
405	6701
405	6702
405	6703
405	6704
405	6705
405	6706
405	6707
405	6708
405	6709
405	6710
405	6711
405	6712
405	6713
405	6714
405	6715
405	6716
405	6717
405	6718
405	6719
405	6720
405	6721
406	6722
406	6723
406	6724
406	6725
406	6726
406	6727
406	6728
406	6729
406	6730
406	6731
406	6732
406	6733
406	6734
406	6735
406	6736
406	6737
406	6738
406	6739
406	6740
406	6741
406	6742
406	6743
406	6744
406	6745
407	6746
407	6747
407	6748
407	6749
407	6750
407	6751
407	6752
407	6753
407	6754
407	6755
407	6756
407	6757
407	6758
407	6759
407	6760
407	6761
407	6762
407	6763
407	6764
407	6765
407	6766
408	6767
408	6768
408	6769
408	6770
408	6771
408	6772
408	6773
408	6774
408	6775
408	6776
408	6777
408	6778
408	6779
408	6780
408	6781
408	6782
408	6783
408	6784
408	6785
408	6786
408	6787
408	6788
408	6789
409	6790
409	6791
409	6792
409	6793
409	6794
409	6795
409	6796
409	6797
409	6798
409	6799
409	6800
409	6801
409	6802
409	6803
409	6804
409	6805
409	6806
409	6807
409	6808
410	6809
410	6810
410	6811
410	6812
410	6813
410	6814
410	6815
410	6816
410	6817
410	6818
410	6819
410	6820
410	6821
410	6822
410	6823
410	6824
410	6825
410	6826
410	6827
410	6828
410	6829
410	6830
410	6831
410	6832
411	6833
411	6834
411	6835
411	6836
411	6837
411	6838
411	6839
411	6840
411	6841
411	6842
411	6843
411	6844
411	6845
411	6846
411	6847
411	6848
411	6849
411	6850
411	6851
411	6852
411	6853
412	6854
412	6855
412	6856
412	6857
412	6858
412	6859
412	6860
412	6861
412	6862
412	6863
412	6864
412	6865
412	6866
412	6867
412	6868
412	6869
412	6870
412	6871
412	6872
412	6873
413	6874
413	6875
413	6876
413	6877
413	6878
413	6879
413	6880
413	6881
413	6882
413	6883
413	6884
413	6885
413	6886
413	6887
413	6888
413	6889
413	6890
413	6891
413	6892
413	6893
413	6894
413	6895
413	6896
413	6897
414	6898
414	6899
414	6900
414	6901
414	6902
414	6903
414	6904
414	6905
414	6906
414	6907
414	6908
414	6909
414	6910
414	6911
414	6912
414	6913
414	6914
414	6915
414	6916
414	6917
414	6918
415	6919
415	6920
415	6921
415	6922
415	6923
415	6924
415	6925
415	6926
415	6927
415	6928
415	6929
415	6930
415	6931
415	6932
415	6933
415	6934
415	6935
415	6936
415	6937
415	6938
415	6939
415	6940
415	6941
416	6942
416	6943
416	6944
416	6945
416	6946
416	6947
416	6948
416	6949
416	6950
416	6951
416	6952
416	6953
416	6954
416	6955
416	6956
416	6957
416	6958
416	6959
416	6960
416	6961
416	6962
416	6963
417	6964
417	6965
417	6966
417	6967
417	6968
417	6969
417	6970
417	6971
417	6972
417	6973
417	6974
417	6975
417	6976
417	6977
417	6978
417	6979
417	6980
417	6981
417	6982
417	6983
417	6984
417	6985
417	6986
417	6987
418	6988
418	6989
418	6990
418	6991
418	6992
418	6993
418	6994
418	6995
418	6996
418	6997
418	6998
418	6999
418	7000
418	7001
418	7002
418	7003
418	7004
418	7005
418	7006
418	7007
418	7008
418	7009
419	7010
419	7011
419	7012
419	7013
419	7014
419	7015
419	7016
419	7017
419	7018
419	7019
419	7020
419	7021
419	7022
419	7023
419	7024
419	7025
419	7026
419	7027
419	7028
419	7029
419	7030
419	7031
419	7032
420	7033
420	7034
420	7035
420	7036
420	7037
420	7038
420	7039
420	7040
420	7041
420	7042
420	7043
420	7044
420	7045
420	7046
420	7047
420	7048
420	7049
420	7050
420	7051
420	7052
420	7053
420	7054
420	7055
420	7056
421	7057
421	7058
421	7059
421	7060
421	7061
421	7062
421	7063
421	7064
421	7065
421	7066
421	7067
421	7068
421	7069
421	7070
421	7071
421	7072
421	7073
421	7074
421	7075
421	7076
421	7077
422	7078
422	7079
422	7080
422	7081
422	7082
422	7083
422	7084
422	7085
422	7086
422	7087
422	7088
422	7089
422	7090
422	7091
422	7092
422	7093
422	7094
422	7095
422	7096
422	7097
422	7098
423	7099
423	7100
423	7101
423	7102
423	7103
423	7104
423	7105
423	7106
423	7107
423	7108
423	7109
423	7110
423	7111
423	7112
423	7113
423	7114
423	7115
423	7116
423	7117
423	7118
423	7119
423	7120
423	7121
423	7122
424	7123
424	7124
424	7125
424	7126
424	7127
424	7128
424	7129
424	7130
424	7131
424	7132
424	7133
424	7134
424	7135
424	7136
424	7137
424	7138
424	7139
424	7140
424	7141
424	7142
425	7143
425	7144
425	7145
425	7146
425	7147
425	7148
425	7149
425	7150
425	7151
425	7152
425	7153
425	7154
425	7155
425	7156
425	7157
425	7158
425	7159
425	7160
425	7161
425	7162
425	7163
425	7164
425	7165
425	7166
425	7167
426	7168
426	7169
426	7170
426	7171
426	7172
426	7173
426	7174
426	7175
426	7176
426	7177
426	7178
426	7179
426	7180
426	7181
426	7182
426	7183
426	7184
426	7185
426	7186
426	7187
426	7188
426	7189
427	7190
427	7191
427	7192
427	7193
427	7194
427	7195
427	7196
427	7197
427	7198
427	7199
427	7200
427	7201
427	7202
427	7203
427	7204
427	7205
427	7206
427	7207
427	7208
427	7209
427	7210
428	7211
428	7212
428	7213
428	7214
428	7215
428	7216
428	7217
428	7218
428	7219
428	7220
428	7221
428	7222
428	7223
428	7224
428	7225
428	7226
428	7227
428	7228
428	7229
428	7230
428	7231
428	7232
428	7233
428	7234
429	7235
429	7236
429	7237
429	7238
429	7239
429	7240
429	7241
429	7242
429	7243
429	7244
429	7245
429	7246
429	7247
429	7248
429	7249
429	7250
429	7251
429	7252
429	7253
429	7254
429	7255
429	7256
430	7257
430	7258
430	7259
430	7260
430	7261
430	7262
430	7263
430	7264
430	7265
430	7266
430	7267
430	7268
430	7269
430	7270
430	7271
430	7272
430	7273
430	7274
430	7275
430	7276
430	7277
430	7278
430	7279
430	7280
431	7281
431	7282
431	7283
431	7284
431	7285
431	7286
431	7287
431	7288
431	7289
431	7290
431	7291
431	7292
431	7293
431	7294
431	7295
431	7296
431	7297
431	7298
431	7299
431	7300
431	7301
431	7302
431	7303
432	7304
432	7305
432	7306
432	7307
432	7308
432	7309
432	7310
432	7311
432	7312
432	7313
432	7314
432	7315
432	7316
432	7317
432	7318
432	7319
432	7320
432	7321
432	7322
432	7323
432	7324
433	7325
433	7326
433	7327
433	7328
433	7329
433	7330
433	7331
433	7332
433	7333
433	7334
433	7335
433	7336
433	7337
433	7338
433	7339
433	7340
433	7341
433	7342
433	7343
433	7344
433	7345
433	7346
433	7347
434	7348
434	7349
434	7350
434	7351
434	7352
434	7353
434	7354
434	7355
434	7356
434	7357
434	7358
434	7359
434	7360
434	7361
434	7362
434	7363
434	7364
434	7365
434	7366
434	7367
434	7368
434	7369
435	7370
435	7371
435	7372
435	7373
435	7374
435	7375
435	7376
435	7377
435	7378
435	7379
435	7380
435	7381
435	7382
435	7383
435	7384
435	7385
435	7386
435	7387
435	7388
435	7389
435	7390
435	7391
435	7392
436	7393
436	7394
436	7395
436	7396
436	7397
436	7398
436	7399
436	7400
436	7401
436	7402
436	7403
436	7404
436	7405
436	7406
436	7407
436	7408
436	7409
436	7410
436	7411
436	7412
436	7413
436	7414
436	7415
437	7416
437	7417
437	7418
437	7419
437	7420
437	7421
437	7422
437	7423
437	7424
437	7425
437	7426
437	7427
437	7428
437	7429
437	7430
437	7431
437	7432
437	7433
437	7434
437	7435
437	7436
437	7437
438	7438
438	7439
438	7440
438	7441
438	7442
438	7443
438	7444
438	7445
438	7446
438	7447
438	7448
438	7449
438	7450
438	7451
438	7452
438	7453
438	7454
438	7455
438	7456
438	7457
438	7458
438	7459
438	7460
439	7461
439	7462
439	7463
439	7464
439	7465
439	7466
439	7467
439	7468
439	7469
439	7470
439	7471
439	7472
439	7473
439	7474
439	7475
439	7476
439	7477
439	7478
439	7479
439	7480
439	7481
439	7482
439	7483
440	7484
440	7485
440	7486
440	7487
440	7488
440	7489
440	7490
440	7491
440	7492
440	7493
440	7494
440	7495
440	7496
440	7497
440	7498
440	7499
440	7500
440	7501
440	7502
440	7503
440	7504
440	7505
441	7506
441	7507
441	7508
441	7509
441	7510
441	7511
441	7512
441	7513
441	7514
441	7515
441	7516
441	7517
441	7518
441	7519
441	7520
441	7521
441	7522
441	7523
441	7524
441	7525
441	7526
441	7527
441	7528
441	7529
442	7530
442	7531
442	7532
442	7533
442	7534
442	7535
442	7536
442	7537
442	7538
442	7539
442	7540
442	7541
442	7542
442	7543
442	7544
442	7545
442	7546
442	7547
442	7548
442	7549
442	7550
442	7551
443	7552
443	7553
443	7554
443	7555
443	7556
443	7557
443	7558
443	7559
443	7560
443	7561
443	7562
443	7563
443	7564
443	7565
443	7566
443	7567
443	7568
443	7569
443	7570
443	7571
443	7572
443	7573
443	7574
444	7575
444	7576
444	7577
444	7578
444	7579
444	7580
444	7581
444	7582
444	7583
444	7584
444	7585
444	7586
444	7587
444	7588
444	7589
444	7590
444	7591
444	7592
444	7593
444	7594
445	7595
445	7596
445	7597
445	7598
445	7599
445	7600
445	7601
445	7602
445	7603
445	7604
445	7605
445	7606
445	7607
445	7608
445	7609
445	7610
445	7611
445	7612
445	7613
445	7614
445	7615
445	7616
445	7617
445	7618
445	7619
446	7620
446	7621
446	7622
446	7623
446	7624
446	7625
446	7626
446	7627
446	7628
446	7629
446	7630
446	7631
446	7632
446	7633
446	7634
446	7635
446	7636
446	7637
446	7638
446	7639
446	7640
446	7641
446	7642
447	7643
447	7644
447	7645
447	7646
447	7647
447	7648
447	7649
447	7650
447	7651
447	7652
447	7653
447	7654
447	7655
447	7656
447	7657
447	7658
447	7659
447	7660
447	7661
447	7662
447	7663
447	7664
448	7665
448	7666
448	7667
448	7668
448	7669
448	7670
448	7671
448	7672
448	7673
448	7674
448	7675
448	7676
448	7677
448	7678
448	7679
448	7680
448	7681
448	7682
448	7683
448	7684
448	7685
448	7686
448	7687
449	7688
449	7689
449	7690
449	7691
449	7692
449	7693
449	7694
449	7695
449	7696
449	7697
449	7698
449	7699
449	7700
449	7701
449	7702
449	7703
449	7704
449	7705
449	7706
449	7707
449	7708
449	7709
449	7710
449	7711
450	7712
450	7713
450	7714
450	7715
450	7716
450	7717
450	7718
450	7719
450	7720
450	7721
450	7722
450	7723
450	7724
450	7725
450	7726
450	7727
450	7728
450	7729
450	7730
450	7731
451	7732
451	7733
451	7734
451	7735
451	7736
451	7737
451	7738
451	7739
451	7740
451	7741
451	7742
451	7743
451	7744
451	7745
451	7746
451	7747
451	7748
451	7749
451	7750
451	7751
451	7752
451	7753
451	7754
451	7755
451	7756
452	7757
452	7758
452	7759
452	7760
452	7761
452	7762
452	7763
452	7764
452	7765
452	7766
452	7767
452	7768
452	7769
452	7770
452	7771
452	7772
452	7773
452	7774
452	7775
452	7776
452	7777
452	7778
453	7779
453	7780
453	7781
453	7782
453	7783
453	7784
453	7785
453	7786
453	7787
453	7788
453	7789
453	7790
453	7791
453	7792
453	7793
453	7794
453	7795
453	7796
453	7797
453	7798
453	7799
453	7800
453	7801
454	7802
454	7803
454	7804
454	7805
454	7806
454	7807
454	7808
454	7809
454	7810
454	7811
454	7812
454	7813
454	7814
454	7815
454	7816
454	7817
454	7818
454	7819
454	7820
454	7821
454	7822
454	7823
455	7824
455	7825
455	7826
455	7827
455	7828
455	7829
455	7830
455	7831
455	7832
455	7833
455	7834
455	7835
455	7836
455	7837
455	7838
455	7839
455	7840
455	7841
455	7842
455	7843
455	7844
455	7845
456	7846
456	7847
456	7848
456	7849
456	7850
456	7851
456	7852
456	7853
456	7854
456	7855
456	7856
456	7857
456	7858
456	7859
456	7860
456	7861
456	7862
456	7863
456	7864
456	7865
456	7866
456	7867
456	7868
456	7869
457	7870
457	7871
457	7872
457	7873
457	7874
457	7875
457	7876
457	7877
457	7878
457	7879
457	7880
457	7881
457	7882
457	7883
457	7884
457	7885
457	7886
457	7887
457	7888
457	7889
457	7890
457	7891
457	7892
457	7893
458	7894
458	7895
458	7896
458	7897
458	7898
458	7899
458	7900
458	7901
458	7902
458	7903
458	7904
458	7905
458	7906
458	7907
458	7908
458	7909
458	7910
458	7911
458	7912
458	7913
458	7914
459	7915
459	7916
459	7917
459	7918
459	7919
459	7920
459	7921
459	7922
459	7923
459	7924
459	7925
459	7926
459	7927
459	7928
459	7929
459	7930
459	7931
459	7932
459	7933
459	7934
459	7935
459	7936
459	7937
460	7938
460	7939
460	7940
460	7941
460	7942
460	7943
460	7944
460	7945
460	7946
460	7947
460	7948
460	7949
460	7950
460	7951
460	7952
460	7953
460	7954
460	7955
460	7956
460	7957
460	7958
460	7959
461	7960
461	7961
461	7962
461	7963
461	7964
461	7965
461	7966
461	7967
461	7968
461	7969
461	7970
461	7971
461	7972
461	7973
461	7974
461	7975
461	7976
461	7977
461	7978
461	7979
461	7980
461	7981
461	7982
461	7983
462	7984
462	7985
462	7986
462	7987
462	7988
462	7989
462	7990
462	7991
462	7992
462	7993
462	7994
462	7995
462	7996
462	7997
462	7998
462	7999
462	8000
462	8001
462	8002
462	8003
462	8004
462	8005
462	8006
463	8007
463	8008
463	8009
463	8010
463	8011
463	8012
463	8013
463	8014
463	8015
463	8016
463	8017
463	8018
463	8019
463	8020
463	8021
463	8022
463	8023
463	8024
463	8025
463	8026
463	8027
463	8028
464	8029
464	8030
464	8031
464	8032
464	8033
464	8034
464	8035
464	8036
464	8037
464	8038
464	8039
464	8040
464	8041
464	8042
464	8043
464	8044
464	8045
464	8046
464	8047
464	8048
464	8049
464	8050
465	8051
465	8052
465	8053
465	8054
465	8055
465	8056
465	8057
465	8058
465	8059
465	8060
465	8061
465	8062
465	8063
465	8064
465	8065
465	8066
465	8067
465	8068
465	8069
465	8070
465	8071
465	8072
465	8073
466	8074
466	8075
466	8076
466	8077
466	8078
466	8079
466	8080
466	8081
466	8082
466	8083
466	8084
466	8085
466	8086
466	8087
466	8088
466	8089
466	8090
466	8091
466	8092
466	8093
466	8094
466	8095
467	8096
467	8097
467	8098
467	8099
467	8100
467	8101
467	8102
467	8103
467	8104
467	8105
467	8106
467	8107
467	8108
467	8109
467	8110
467	8111
467	8112
467	8113
467	8114
467	8115
467	8116
467	8117
467	8118
468	8119
468	8120
468	8121
468	8122
468	8123
468	8124
468	8125
468	8126
468	8127
468	8128
468	8129
468	8130
468	8131
468	8132
468	8133
468	8134
468	8135
468	8136
468	8137
468	8138
468	8139
468	8140
469	8141
469	8142
469	8143
469	8144
469	8145
469	8146
469	8147
469	8148
469	8149
469	8150
469	8151
469	8152
469	8153
469	8154
469	8155
469	8156
469	8157
469	8158
469	8159
469	8160
469	8161
469	8162
469	8163
469	8164
469	8165
470	8166
470	8167
470	8168
470	8169
470	8170
470	8171
470	8172
470	8173
470	8174
470	8175
470	8176
470	8177
470	8178
470	8179
470	8180
470	8181
470	8182
470	8183
470	8184
470	8185
470	8186
470	8187
471	8188
471	8189
471	8190
471	8191
471	8192
471	8193
471	8194
471	8195
471	8196
471	8197
471	8198
471	8199
471	8200
471	8201
471	8202
471	8203
471	8204
471	8205
471	8206
471	8207
471	8208
472	8209
472	8210
472	8211
472	8212
472	8213
472	8214
472	8215
472	8216
472	8217
472	8218
472	8219
472	8220
472	8221
472	8222
472	8223
472	8224
472	8225
472	8226
472	8227
472	8228
472	8229
472	8230
472	8231
472	8232
472	8233
473	8234
473	8235
473	8236
473	8237
473	8238
473	8239
473	8240
473	8241
473	8242
473	8243
473	8244
473	8245
473	8246
473	8247
473	8248
473	8249
473	8250
473	8251
473	8252
473	8253
474	8254
474	8255
474	8256
474	8257
474	8258
474	8259
474	8260
474	8261
474	8262
474	8263
474	8264
474	8265
474	8266
474	8267
474	8268
474	8269
474	8270
474	8271
474	8272
474	8273
474	8274
474	8275
474	8276
475	8277
475	8278
475	8279
475	8280
475	8281
475	8282
475	8283
475	8284
475	8285
475	8286
475	8287
475	8288
475	8289
475	8290
475	8291
475	8292
475	8293
475	8294
475	8295
475	8296
475	8297
476	8298
476	8299
476	8300
476	8301
476	8302
476	8303
476	8304
476	8305
476	8306
476	8307
476	8308
476	8309
476	8310
476	8311
476	8312
476	8313
476	8314
476	8315
476	8316
476	8317
476	8318
476	8319
476	8320
477	8321
477	8322
477	8323
477	8324
477	8325
477	8326
477	8327
477	8328
477	8329
477	8330
477	8331
477	8332
477	8333
477	8334
477	8335
477	8336
477	8337
477	8338
477	8339
477	8340
477	8341
477	8342
478	8343
478	8344
478	8345
478	8346
478	8347
478	8348
478	8349
478	8350
478	8351
478	8352
478	8353
478	8354
478	8355
478	8356
478	8357
478	8358
478	8359
478	8360
478	8361
478	8362
478	8363
478	8364
479	8365
479	8366
479	8367
479	8368
479	8369
479	8370
479	8371
479	8372
479	8373
479	8374
479	8375
479	8376
479	8377
479	8378
479	8379
479	8380
479	8381
479	8382
479	8383
479	8384
479	8385
479	8386
479	8387
479	8388
480	8389
480	8390
480	8391
480	8392
480	8393
480	8394
480	8395
480	8396
480	8397
480	8398
480	8399
480	8400
480	8401
480	8402
480	8403
480	8404
480	8405
480	8406
480	8407
480	8408
480	8409
480	8410
480	8411
481	8412
481	8413
481	8414
481	8415
481	8416
481	8417
481	8418
481	8419
481	8420
481	8421
481	8422
481	8423
481	8424
481	8425
481	8426
481	8427
481	8428
481	8429
481	8430
481	8431
481	8432
481	8433
482	8434
482	8435
482	8436
482	8437
482	8438
482	8439
482	8440
482	8441
482	8442
482	8443
482	8444
482	8445
482	8446
482	8447
482	8448
482	8449
482	8450
482	8451
482	8452
482	8453
482	8454
482	8455
482	8456
483	8457
483	8458
483	8459
483	8460
483	8461
483	8462
483	8463
483	8464
483	8465
483	8466
483	8467
483	8468
483	8469
483	8470
483	8471
483	8472
483	8473
483	8474
483	8475
483	8476
483	8477
483	8478
483	8479
483	8480
484	8481
484	8482
484	8483
484	8484
484	8485
484	8486
484	8487
484	8488
484	8489
484	8490
484	8491
484	8492
484	8493
484	8494
484	8495
484	8496
484	8497
484	8498
484	8499
485	8500
485	8501
485	8502
485	8503
485	8504
485	8505
485	8506
485	8507
485	8508
485	8509
485	8510
485	8511
485	8512
485	8513
485	8514
485	8515
485	8516
485	8517
485	8518
485	8519
485	8520
485	8521
485	8522
486	8523
486	8524
486	8525
486	8526
486	8527
486	8528
486	8529
486	8530
486	8531
486	8532
486	8533
486	8534
486	8535
486	8536
486	8537
486	8538
486	8539
486	8540
486	8541
486	8542
486	8543
486	8544
486	8545
487	8546
487	8547
487	8548
487	8549
487	8550
487	8551
487	8552
487	8553
487	8554
487	8555
487	8556
487	8557
487	8558
487	8559
487	8560
487	8561
487	8562
487	8563
487	8564
487	8565
487	8566
488	8567
488	8568
488	8569
488	8570
488	8571
488	8572
488	8573
488	8574
488	8575
488	8576
488	8577
488	8578
488	8579
488	8580
488	8581
488	8582
488	8583
488	8584
488	8585
488	8586
488	8587
488	8588
488	8589
489	8590
489	8591
489	8592
489	8593
489	8594
489	8595
489	8596
489	8597
489	8598
489	8599
489	8600
489	8601
489	8602
489	8603
489	8604
489	8605
489	8606
489	8607
489	8608
489	8609
489	8610
489	8611
489	8612
489	8613
490	8614
490	8615
490	8616
490	8617
490	8618
490	8619
490	8620
490	8621
490	8622
490	8623
490	8624
490	8625
490	8626
490	8627
490	8628
490	8629
490	8630
490	8631
490	8632
490	8633
490	8634
491	8635
491	8636
491	8637
491	8638
491	8639
491	8640
491	8641
491	8642
491	8643
491	8644
491	8645
491	8646
491	8647
491	8648
491	8649
491	8650
491	8651
491	8652
491	8653
491	8654
491	8655
491	8656
491	8657
492	8658
492	8659
492	8660
492	8661
492	8662
492	8663
492	8664
492	8665
492	8666
492	8667
492	8668
492	8669
492	8670
492	8671
492	8672
492	8673
492	8674
492	8675
492	8676
492	8677
492	8678
492	8679
492	8680
492	8681
493	8682
493	8683
493	8684
493	8685
493	8686
493	8687
493	8688
493	8689
493	8690
493	8691
493	8692
493	8693
493	8694
493	8695
493	8696
493	8697
493	8698
493	8699
493	8700
493	8701
493	8702
493	8703
493	8704
494	8705
494	8706
494	8707
494	8708
494	8709
494	8710
494	8711
494	8712
494	8713
494	8714
494	8715
494	8716
494	8717
494	8718
494	8719
494	8720
494	8721
494	8722
494	8723
494	8724
495	8725
495	8726
495	8727
495	8728
495	8729
495	8730
495	8731
495	8732
495	8733
495	8734
495	8735
495	8736
495	8737
495	8738
495	8739
495	8740
495	8741
495	8742
495	8743
495	8744
495	8745
495	8746
496	8747
496	8748
496	8749
496	8750
496	8751
496	8752
496	8753
496	8754
496	8755
496	8756
496	8757
496	8758
496	8759
496	8760
496	8761
496	8762
496	8763
496	8764
496	8765
496	8766
496	8767
496	8768
496	8769
497	8770
497	8771
497	8772
497	8773
497	8774
497	8775
497	8776
497	8777
497	8778
497	8779
497	8780
497	8781
497	8782
497	8783
497	8784
497	8785
497	8786
497	8787
497	8788
497	8789
497	8790
497	8791
497	8792
497	8793
498	8794
498	8795
498	8796
498	8797
498	8798
498	8799
498	8800
498	8801
498	8802
498	8803
498	8804
498	8805
498	8806
498	8807
498	8808
498	8809
498	8810
498	8811
498	8812
498	8813
498	8814
499	8815
499	8816
499	8817
499	8818
499	8819
499	8820
499	8821
499	8822
499	8823
499	8824
499	8825
499	8826
499	8827
499	8828
499	8829
499	8830
499	8831
499	8832
499	8833
499	8834
499	8835
499	8836
499	8837
499	8838
500	8839
500	8840
500	8841
500	8842
500	8843
500	8844
500	8845
500	8846
500	8847
500	8848
500	8849
500	8850
500	8851
500	8852
500	8853
500	8854
500	8855
500	8856
500	8857
500	8858
500	8859
501	8860
501	8861
501	8862
501	8863
501	8864
501	8865
501	8866
501	8867
501	8868
501	8869
501	8870
501	8871
501	8872
501	8873
501	8874
501	8875
501	8876
501	8877
501	8878
501	8879
501	8880
501	8881
501	8882
502	8883
502	8884
502	8885
502	8886
502	8887
502	8888
502	8889
502	8890
502	8891
502	8892
502	8893
502	8894
502	8895
502	8896
502	8897
502	8898
502	8899
502	8900
502	8901
502	8902
503	8903
503	8904
503	8905
503	8906
503	8907
503	8908
503	8909
503	8910
503	8911
503	8912
503	8913
503	8914
503	8915
503	8916
503	8917
503	8918
503	8919
503	8920
503	8921
503	8922
503	8923
503	8924
503	8925
503	8926
504	8927
504	8928
504	8929
504	8930
504	8931
504	8932
504	8933
504	8934
504	8935
504	8936
504	8937
504	8938
504	8939
504	8940
504	8941
504	8942
504	8943
504	8944
504	8945
504	8946
504	8947
505	8948
505	8949
505	8950
505	8951
505	8952
505	8953
505	8954
505	8955
505	8956
505	8957
505	8958
505	8959
505	8960
505	8961
505	8962
505	8963
505	8964
505	8965
505	8966
505	8967
505	8968
505	8969
505	8970
506	8971
506	8972
506	8973
506	8974
506	8975
506	8976
506	8977
506	8978
506	8979
506	8980
506	8981
506	8982
506	8983
506	8984
506	8985
506	8986
506	8987
506	8988
506	8989
506	8990
506	8991
506	8992
506	8993
506	8994
507	8995
507	8996
507	8997
507	8998
507	8999
507	9000
507	9001
507	9002
507	9003
507	9004
507	9005
507	9006
507	9007
507	9008
507	9009
507	9010
507	9011
507	9012
507	9013
507	9014
507	9015
508	9016
508	9017
508	9018
508	9019
508	9020
508	9021
508	9022
508	9023
508	9024
508	9025
508	9026
508	9027
508	9028
508	9029
508	9030
508	9031
508	9032
508	9033
508	9034
508	9035
508	9036
508	9037
508	9038
508	9039
509	9040
509	9041
509	9042
509	9043
509	9044
509	9045
509	9046
509	9047
509	9048
509	9049
509	9050
509	9051
509	9052
509	9053
509	9054
509	9055
509	9056
509	9057
509	9058
509	9059
509	9060
510	9061
510	9062
510	9063
510	9064
510	9065
510	9066
510	9067
510	9068
510	9069
510	9070
510	9071
510	9072
510	9073
510	9074
510	9075
510	9076
510	9077
510	9078
510	9079
510	9080
510	9081
510	9082
510	9083
510	9084
510	9085
511	9086
511	9087
511	9088
511	9089
511	9090
511	9091
511	9092
511	9093
511	9094
511	9095
511	9096
511	9097
511	9098
511	9099
511	9100
511	9101
511	9102
511	9103
511	9104
511	9105
511	9106
511	9107
511	9108
512	9109
512	9110
512	9111
512	9112
512	9113
512	9114
512	9115
512	9116
512	9117
512	9118
512	9119
512	9120
512	9121
512	9122
512	9123
512	9124
512	9125
512	9126
512	9127
512	9128
513	9129
513	9130
513	9131
513	9132
513	9133
513	9134
513	9135
513	9136
513	9137
513	9138
513	9139
513	9140
513	9141
513	9142
513	9143
513	9144
513	9145
513	9146
513	9147
513	9148
513	9149
513	9150
513	9151
513	9152
514	9153
514	9154
514	9155
514	9156
514	9157
514	9158
514	9159
514	9160
514	9161
514	9162
514	9163
514	9164
514	9165
514	9166
514	9167
514	9168
514	9169
514	9170
514	9171
514	9172
515	9173
515	9174
515	9175
515	9176
515	9177
515	9178
515	9179
515	9180
515	9181
515	9182
515	9183
515	9184
515	9185
515	9186
515	9187
515	9188
515	9189
515	9190
515	9191
515	9192
515	9193
515	9194
515	9195
516	9196
516	9197
516	9198
516	9199
516	9200
516	9201
516	9202
516	9203
516	9204
516	9205
516	9206
516	9207
516	9208
516	9209
516	9210
516	9211
516	9212
516	9213
516	9214
516	9215
516	9216
516	9217
516	9218
517	9219
517	9220
517	9221
517	9222
517	9223
517	9224
517	9225
517	9226
517	9227
517	9228
517	9229
517	9230
517	9231
517	9232
517	9233
517	9234
517	9235
517	9236
517	9237
517	9238
517	9239
518	9240
518	9241
518	9242
518	9243
518	9244
518	9245
518	9246
518	9247
518	9248
518	9249
518	9250
518	9251
518	9252
518	9253
518	9254
518	9255
518	9256
518	9257
518	9258
518	9259
518	9260
518	9261
518	9262
518	9263
519	9264
519	9265
519	9266
519	9267
519	9268
519	9269
519	9270
519	9271
519	9272
519	9273
519	9274
519	9275
519	9276
519	9277
519	9278
519	9279
519	9280
519	9281
519	9282
519	9283
519	9284
519	9285
519	9286
520	9287
520	9288
520	9289
520	9290
520	9291
520	9292
520	9293
520	9294
520	9295
520	9296
520	9297
520	9298
520	9299
520	9300
520	9301
520	9302
520	9303
520	9304
520	9305
520	9306
520	9307
520	9308
521	9309
521	9310
521	9311
521	9312
521	9313
521	9314
521	9315
521	9316
521	9317
521	9318
521	9319
521	9320
521	9321
521	9322
521	9323
521	9324
521	9325
521	9326
521	9327
521	9328
521	9329
521	9330
521	9331
522	9332
522	9333
522	9334
522	9335
522	9336
522	9337
522	9338
522	9339
522	9340
522	9341
522	9342
522	9343
522	9344
522	9345
522	9346
522	9347
522	9348
522	9349
522	9350
522	9351
522	9352
522	9353
523	9354
523	9355
523	9356
523	9357
523	9358
523	9359
523	9360
523	9361
523	9362
523	9363
523	9364
523	9365
523	9366
523	9367
523	9368
523	9369
523	9370
523	9371
523	9372
523	9373
523	9374
523	9375
524	9376
524	9377
524	9378
524	9379
524	9380
524	9381
524	9382
524	9383
524	9384
524	9385
524	9386
524	9387
524	9388
524	9389
524	9390
524	9391
524	9392
524	9393
524	9394
524	9395
524	9396
525	9397
525	9398
525	9399
525	9400
525	9401
525	9402
525	9403
525	9404
525	9405
525	9406
525	9407
525	9408
525	9409
525	9410
525	9411
525	9412
525	9413
525	9414
525	9415
525	9416
525	9417
525	9418
525	9419
526	9420
526	9421
526	9422
526	9423
526	9424
526	9425
526	9426
526	9427
526	9428
526	9429
526	9430
526	9431
526	9432
526	9433
526	9434
526	9435
526	9436
526	9437
526	9438
526	9439
526	9440
526	9441
527	9442
527	9443
527	9444
527	9445
527	9446
527	9447
527	9448
527	9449
527	9450
527	9451
527	9452
527	9453
527	9454
527	9455
527	9456
527	9457
527	9458
527	9459
527	9460
527	9461
527	9462
527	9463
527	9464
528	9465
528	9466
528	9467
528	9468
528	9469
528	9470
528	9471
528	9472
528	9473
528	9474
528	9475
528	9476
528	9477
528	9478
528	9479
528	9480
528	9481
528	9482
528	9483
528	9484
528	9485
528	9486
529	9487
529	9488
529	9489
529	9490
529	9491
529	9492
529	9493
529	9494
529	9495
529	9496
529	9497
529	9498
529	9499
529	9500
529	9501
529	9502
529	9503
529	9504
529	9505
529	9506
529	9507
530	9508
530	9509
530	9510
530	9511
530	9512
530	9513
530	9514
530	9515
530	9516
530	9517
530	9518
530	9519
530	9520
530	9521
530	9522
530	9523
530	9524
530	9525
530	9526
530	9527
530	9528
530	9529
530	9530
530	9531
531	9532
531	9533
531	9534
531	9535
531	9536
531	9537
531	9538
531	9539
531	9540
531	9541
531	9542
531	9543
531	9544
531	9545
531	9546
531	9547
531	9548
531	9549
531	9550
531	9551
531	9552
531	9553
531	9554
532	9555
532	9556
532	9557
532	9558
532	9559
532	9560
532	9561
532	9562
532	9563
532	9564
532	9565
532	9566
532	9567
532	9568
532	9569
532	9570
532	9571
532	9572
532	9573
532	9574
532	9575
532	9576
533	9577
533	9578
533	9579
533	9580
533	9581
533	9582
533	9583
533	9584
533	9585
533	9586
533	9587
533	9588
533	9589
533	9590
533	9591
533	9592
533	9593
533	9594
533	9595
533	9596
533	9597
534	9598
534	9599
534	9600
534	9601
534	9602
534	9603
534	9604
534	9605
534	9606
534	9607
534	9608
534	9609
534	9610
534	9611
534	9612
534	9613
534	9614
534	9615
534	9616
534	9617
534	9618
534	9619
534	9620
535	9621
535	9622
535	9623
535	9624
535	9625
535	9626
535	9627
535	9628
535	9629
535	9630
535	9631
535	9632
535	9633
535	9634
535	9635
535	9636
535	9637
535	9638
535	9639
535	9640
536	9641
536	9642
536	9643
536	9644
536	9645
536	9646
536	9647
536	9648
536	9649
536	9650
536	9651
536	9652
536	9653
536	9654
536	9655
536	9656
536	9657
536	9658
536	9659
536	9660
536	9661
536	9662
536	9663
537	9664
537	9665
537	9666
537	9667
537	9668
537	9669
537	9670
537	9671
537	9672
537	9673
537	9674
537	9675
537	9676
537	9677
537	9678
537	9679
537	9680
537	9681
537	9682
537	9683
537	9684
537	9685
537	9686
538	9687
538	9688
538	9689
538	9690
538	9691
538	9692
538	9693
538	9694
538	9695
538	9696
538	9697
538	9698
538	9699
538	9700
538	9701
538	9702
538	9703
538	9704
538	9705
538	9706
538	9707
538	9708
538	9709
539	9710
539	9711
539	9712
539	9713
539	9714
539	9715
539	9716
539	9717
539	9718
539	9719
539	9720
539	9721
539	9722
539	9723
539	9724
539	9725
539	9726
539	9727
539	9728
539	9729
539	9730
540	9731
540	9732
540	9733
540	9734
540	9735
540	9736
540	9737
540	9738
540	9739
540	9740
540	9741
540	9742
540	9743
540	9744
540	9745
540	9746
540	9747
540	9748
540	9749
540	9750
540	9751
540	9752
541	9753
541	9754
541	9755
541	9756
541	9757
541	9758
541	9759
541	9760
541	9761
541	9762
541	9763
541	9764
541	9765
541	9766
541	9767
541	9768
541	9769
541	9770
541	9771
541	9772
541	9773
541	9774
541	9775
542	9776
542	9777
542	9778
542	9779
542	9780
542	9781
542	9782
542	9783
542	9784
542	9785
542	9786
542	9787
542	9788
542	9789
542	9790
542	9791
542	9792
542	9793
542	9794
542	9795
542	9796
542	9797
543	9798
543	9799
543	9800
543	9801
543	9802
543	9803
543	9804
543	9805
543	9806
543	9807
543	9808
543	9809
543	9810
543	9811
543	9812
543	9813
543	9814
543	9815
543	9816
543	9817
543	9818
543	9819
544	9820
544	9821
544	9822
544	9823
544	9824
544	9825
544	9826
544	9827
544	9828
544	9829
544	9830
544	9831
544	9832
544	9833
544	9834
544	9835
544	9836
544	9837
544	9838
544	9839
544	9840
544	9841
545	9842
545	9843
545	9844
545	9845
545	9846
545	9847
545	9848
545	9849
545	9850
545	9851
545	9852
545	9853
545	9854
545	9855
545	9856
545	9857
545	9858
545	9859
545	9860
545	9861
546	9862
546	9863
546	9864
546	9865
546	9866
546	9867
546	9868
546	9869
546	9870
546	9871
546	9872
546	9873
546	9874
546	9875
546	9876
546	9877
546	9878
546	9879
546	9880
546	9881
546	9882
546	9883
546	9884
547	9885
547	9886
547	9887
547	9888
547	9889
547	9890
547	9891
547	9892
547	9893
547	9894
547	9895
547	9896
547	9897
547	9898
547	9899
547	9900
547	9901
547	9902
547	9903
547	9904
547	9905
547	9906
548	9907
548	9908
548	9909
548	9910
548	9911
548	9912
548	9913
548	9914
548	9915
548	9916
548	9917
548	9918
548	9919
548	9920
548	9921
548	9922
548	9923
548	9924
548	9925
548	9926
548	9927
548	9928
548	9929
548	9930
549	9931
549	9932
549	9933
549	9934
549	9935
549	9936
549	9937
549	9938
549	9939
549	9940
549	9941
549	9942
549	9943
549	9944
549	9945
549	9946
549	9947
549	9948
549	9949
549	9950
549	9951
549	9952
550	9953
550	9954
550	9955
550	9956
550	9957
550	9958
550	9959
550	9960
550	9961
550	9962
550	9963
550	9964
550	9965
550	9966
550	9967
550	9968
550	9969
550	9970
550	9971
550	9972
550	9973
550	9974
550	9975
550	9976
551	9977
551	9978
551	9979
551	9980
551	9981
551	9982
551	9983
551	9984
551	9985
551	9986
551	9987
551	9988
551	9989
551	9990
551	9991
551	9992
551	9993
551	9994
551	9995
551	9996
551	9997
551	9998
551	9999
552	10000
552	10001
