0	1
13	2
33	3
56	4
56	5
56	6
56	7
57	8
57	9
57	10
58	11
58	12
58	13
59	14
59	15
59	16
59	17
60	18
60	19
60	20
60	21
61	22
61	23
61	24
62	25
62	26
62	27
62	28
63	29
63	30
64	31
64	32
64	33
64	34
65	35
65	36
65	37
66	38
66	39
66	40
66	41
67	42
67	43
67	44
67	45
68	46
68	47
68	48
68	49
68	50
69	51
69	52
69	53
69	54
70	55
70	56
71	57
71	58
71	59
71	60
71	61
72	62
72	63
72	64
72	65
73	66
73	67
73	68
73	69
74	70
74	71
74	72
74	73
74	74
75	75
75	76
75	77
75	78
76	79
76	80
76	81
76	82
76	83
77	84
77	85
77	86
77	87
78	88
78	89
78	90
79	91
79	92
79	93
79	94
80	95
80	96
80	97
80	98
80	99
81	100
81	101
81	102
81	103
82	104
82	105
82	106
82	107
82	108
83	109
83	110
83	111
83	112
84	113
84	114
84	115
84	116
84	117
85	118
85	119
85	120
85	121
86	122
86	123
86	124
86	125
87	126
87	127
87	128
87	129
88	130
88	131
88	132
88	133
88	134
89	135
89	136
89	137
89	138
90	139
90	140
90	141
90	142
90	143
91	144
91	145
91	146
92	147
92	148
92	149
92	150
93	151
93	152
93	153
93	154
93	155
94	156
94	157
94	158
94	159
95	160
95	161
95	162
95	163
96	164
96	165
96	166
96	167
97	168
97	169
97	170
97	171
97	172
98	173
98	174
98	175
98	176
99	177
99	178
99	179
99	180
99	181
100	182
100	183
100	184
100	185
101	186
101	187
101	188
101	189
101	190
102	191
102	192
102	193
102	194
103	195
103	196
103	197
103	198
103	199
104	200
104	201
104	202
105	203
105	204
105	205
105	206
106	207
106	208
106	209
106	210
107	211
107	212
107	213
107	214
107	215
108	216
108	217
108	218
108	219
109	220
109	221
109	222
109	223
109	224
110	225
110	226
110	227
110	228
111	229
111	230
111	231
111	232
111	233
112	234
112	235
112	236
112	237
113	238
113	239
113	240
113	241
114	242
114	243
114	244
114	245
114	246
115	247
115	248
115	249
115	250
116	251
116	252
116	253
116	254
116	255
117	256
117	257
117	258
118	259
118	260
118	261
118	262
119	263
119	264
119	265
119	266
120	267
120	268
120	269
120	270
120	271
121	272
121	273
121	274
121	275
122	276
122	277
122	278
122	279
123	280
123	281
123	282
123	283
124	284
124	285
124	286
124	287
124	288
125	289
125	290
125	291
125	292
126	293
126	294
126	295
126	296
127	297
127	298
127	299
127	300
127	301
128	302
128	303
128	304
128	305
129	306
129	307
129	308
129	309
130	310
130	311
130	312
130	313
131	314
131	315
131	316
132	317
132	318
132	319
132	320
132	321
133	322
133	323
133	324
133	325
134	326
134	327
134	328
134	329
134	330
135	331
135	332
135	333
135	334
136	335
136	336
136	337
136	338
136	339
137	340
137	341
137	342
137	343
138	344
138	345
138	346
138	347
139	348
139	349
139	350
139	351
140	352
140	353
140	354
140	355
141	356
141	357
141	358
141	359
142	360
142	361
142	362
142	363
142	364
143	365
143	366
143	367
143	368
144	369
144	370
144	371
145	372
145	373
145	374
145	375
145	376
146	377
146	378
146	379
146	380
147	381
147	382
147	383
147	384
147	385
148	386
148	387
148	388
148	389
149	390
149	391
149	392
149	393
149	394
150	395
150	396
150	397
150	398
150	399
151	400
151	401
151	402
151	403
152	404
152	405
152	406
152	407
152	408
153	409
153	410
153	411
153	412
154	413
154	414
154	415
154	416
154	417
155	418
155	419
155	420
155	421
156	422
156	423
156	424
156	425
156	426
157	427
157	428
157	429
158	430
158	431
158	432
158	433
159	434
159	435
159	436
159	437
159	438
160	439
160	440
160	441
160	442
161	443
161	444
161	445
161	446
161	447
162	448
162	449
162	450
162	451
163	452
163	453
163	454
163	455
164	456
164	457
164	458
164	459
164	460
165	461
165	462
165	463
165	464
165	465
166	466
166	467
166	468
166	469
167	470
167	471
167	472
167	473
167	474
168	475
168	476
168	477
168	478
169	479
169	480
169	481
169	482
169	483
170	484
170	485
170	486
170	487
171	488
171	489
171	490
171	491
172	492
172	493
172	494
172	495
173	496
173	497
173	498
173	499
173	500
174	501
174	502
174	503
174	504
175	505
175	506
175	507
175	508
176	509
176	510
176	511
176	512
177	513
177	514
177	515
177	516
177	517
178	518
178	519
178	520
178	521
179	522
179	523
179	524
179	525
179	526
180	527
180	528
180	529
181	530
181	531
181	532
181	533
182	534
182	535
182	536
182	537
182	538
183	539
183	540
183	541
183	542
183	543
184	544
184	545
184	546
184	547
185	548
185	549
185	550
185	551
186	552
186	553
186	554
186	555
187	556
187	557
187	558
188	559
188	560
188	561
189	562
189	563
189	564
190	565
190	566
190	567
191	568
191	569
191	570
191	571
192	572
192	573
192	574
192	575
192	576
193	577
193	578
193	579
193	580
194	581
194	582
194	583
194	584
194	585
195	586
195	587
195	588
195	589
195	590
196	591
196	592
196	593
196	594
197	595
197	596
197	597
197	598
197	599
198	600
198	601
198	602
198	603
199	604
199	605
199	606
199	607
200	608
200	609
200	610
200	611
201	612
201	613
201	614
201	615
201	616
202	617
202	618
202	619
202	620
203	621
203	622
203	623
203	624
203	625
204	626
204	627
204	628
204	629
205	630
205	631
205	632
205	633
205	634
206	635
206	636
206	637
206	638
207	639
207	640
207	641
207	642
208	643
208	644
208	645
208	646
208	647
209	648
209	649
209	650
209	651
210	652
210	653
210	654
210	655
210	656
211	657
211	658
211	659
211	660
212	661
212	662
212	663
212	664
213	665
213	666
213	667
213	668
213	669
214	670
214	671
214	672
214	673
215	674
215	675
215	676
215	677
215	678
216	679
216	680
216	681
216	682
217	683
217	684
217	685
217	686
218	687
218	688
218	689
218	690
219	691
219	692
219	693
219	694
220	695
220	696
220	697
220	698
220	699
221	700
221	701
221	702
221	703
221	704
222	705
222	706
222	707
222	708
223	709
223	710
223	711
223	712
223	713
224	714
224	715
224	716
224	717
224	718
225	719
225	720
225	721
225	722
226	723
226	724
226	725
226	726
226	727
227	728
227	729
227	730
227	731
227	732
228	733
228	734
228	735
228	736
228	737
229	738
229	739
229	740
229	741
230	742
230	743
230	744
230	745
230	746
231	747
231	748
231	749
231	750
232	751
232	752
232	753
232	754
233	755
233	756
233	757
233	758
233	759
234	760
234	761
234	762
234	763
235	764
235	765
235	766
235	767
235	768
236	769
236	770
236	771
236	772
237	773
237	774
237	775
237	776
238	777
238	778
238	779
238	780
238	781
239	782
239	783
239	784
239	785
239	786
240	787
240	788
240	789
240	790
241	791
241	792
241	793
241	794
241	795
242	796
242	797
242	798
242	799
242	800
243	801
243	802
243	803
243	804
244	805
244	806
244	807
244	808
244	809
245	810
245	811
245	812
245	813
246	814
246	815
246	816
246	817
246	818
247	819
247	820
247	821
247	822
248	823
248	824
248	825
248	826
248	827
249	828
249	829
249	830
249	831
249	832
250	833
250	834
250	835
251	836
251	837
251	838
251	839
251	840
252	841
252	842
252	843
252	844
252	845
253	846
253	847
253	848
253	849
254	850
254	851
254	852
254	853
254	854
255	855
255	856
255	857
255	858
255	859
256	860
256	861
256	862
256	863
256	864
257	865
257	866
257	867
257	868
258	869
258	870
258	871
258	872
258	873
259	874
259	875
259	876
259	877
260	878
260	879
260	880
260	881
260	882
261	883
261	884
261	885
261	886
262	887
262	888
262	889
262	890
263	891
263	892
263	893
263	894
263	895
264	896
264	897
264	898
264	899
265	900
265	901
265	902
265	903
265	904
266	905
266	906
266	907
266	908
266	909
267	910
267	911
267	912
267	913
268	914
268	915
268	916
268	917
268	918
269	919
269	920
269	921
269	922
270	923
270	924
270	925
270	926
270	927
271	928
271	929
271	930
271	931
272	932
272	933
272	934
272	935
272	936
273	937
273	938
273	939
273	940
273	941
274	942
274	943
274	944
274	945
275	946
275	947
275	948
275	949
275	950
276	951
276	952
276	953
276	954
277	955
277	956
277	957
277	958
277	959
278	960
278	961
278	962
278	963
278	964
279	965
279	966
279	967
279	968
280	969
280	970
280	971
280	972
280	973
281	974
281	975
281	976
281	977
282	978
282	979
282	980
282	981
282	982
283	983
283	984
283	985
283	986
284	987
284	988
284	989
284	990
284	991
285	992
285	993
285	994
285	995
285	996
286	997
286	998
286	999
286	1000
286	1001
287	1002
287	1003
287	1004
287	1005
288	1006
288	1007
288	1008
288	1009
289	1010
289	1011
289	1012
289	1013
289	1014
290	1015
290	1016
290	1017
290	1018
290	1019
291	1020
291	1021
291	1022
291	1023
291	1024
292	1025
292	1026
292	1027
292	1028
293	1029
293	1030
293	1031
293	1032
293	1033
294	1034
294	1035
294	1036
294	1037
294	1038
295	1039
295	1040
295	1041
295	1042
295	1043
296	1044
296	1045
296	1046
296	1047
297	1048
297	1049
297	1050
297	1051
297	1052
298	1053
298	1054
298	1055
298	1056
299	1057
299	1058
299	1059
299	1060
299	1061
300	1062
300	1063
300	1064
300	1065
300	1066
301	1067
301	1068
301	1069
301	1070
302	1071
302	1072
302	1073
302	1074
302	1075
303	1076
303	1077
303	1078
303	1079
303	1080
304	1081
304	1082
304	1083
304	1084
305	1085
305	1086
305	1087
305	1088
305	1089
306	1090
306	1091
306	1092
306	1093
306	1094
307	1095
307	1096
307	1097
307	1098
308	1099
308	1100
308	1101
308	1102
308	1103
309	1104
309	1105
309	1106
309	1107
309	1108
310	1109
310	1110
310	1111
310	1112
311	1113
311	1114
311	1115
311	1116
311	1117
312	1118
312	1119
312	1120
312	1121
312	1122
313	1123
313	1124
313	1125
313	1126
313	1127
314	1128
314	1129
314	1130
314	1131
315	1132
315	1133
315	1134
315	1135
315	1136
316	1137
316	1138
316	1139
316	1140
317	1141
317	1142
317	1143
317	1144
317	1145
318	1146
318	1147
318	1148
318	1149
318	1150
319	1151
319	1152
319	1153
319	1154
320	1155
320	1156
320	1157
320	1158
320	1159
321	1160
321	1161
321	1162
321	1163
322	1164
322	1165
322	1166
322	1167
323	1168
323	1169
323	1170
323	1171
323	1172
324	1173
324	1174
324	1175
324	1176
325	1177
325	1178
325	1179
325	1180
325	1181
326	1182
326	1183
326	1184
326	1185
326	1186
327	1187
327	1188
327	1189
327	1190
328	1191
328	1192
328	1193
328	1194
329	1195
329	1196
329	1197
329	1198
329	1199
330	1200
330	1201
330	1202
330	1203
330	1204
331	1205
331	1206
331	1207
331	1208
332	1209
332	1210
332	1211
332	1212
332	1213
333	1214
333	1215
333	1216
333	1217
334	1218
334	1219
334	1220
334	1221
334	1222
335	1223
335	1224
335	1225
335	1226
335	1227
336	1228
336	1229
336	1230
336	1231
337	1232
337	1233
337	1234
337	1235
337	1236
338	1237
338	1238
338	1239
338	1240
339	1241
339	1242
339	1243
339	1244
339	1245
340	1246
340	1247
340	1248
340	1249
340	1250
341	1251
341	1252
341	1253
341	1254
342	1255
342	1256
342	1257
342	1258
342	1259
343	1260
343	1261
343	1262
343	1263
343	1264
344	1265
344	1266
344	1267
344	1268
345	1269
345	1270
345	1271
345	1272
345	1273
346	1274
346	1275
346	1276
346	1277
346	1278
347	1279
347	1280
347	1281
347	1282
348	1283
348	1284
348	1285
348	1286
348	1287
349	1288
349	1289
349	1290
349	1291
350	1292
350	1293
350	1294
350	1295
350	1296
351	1297
351	1298
351	1299
351	1300
351	1301
352	1302
352	1303
352	1304
352	1305
352	1306
353	1307
353	1308
353	1309
353	1310
354	1311
354	1312
354	1313
354	1314
354	1315
355	1316
355	1317
355	1318
355	1319
356	1320
356	1321
356	1322
356	1323
356	1324
357	1325
357	1326
357	1327
357	1328
357	1329
358	1330
358	1331
358	1332
358	1333
358	1334
359	1335
359	1336
359	1337
359	1338
360	1339
360	1340
360	1341
360	1342
360	1343
361	1344
361	1345
361	1346
361	1347
361	1348
362	1349
362	1350
362	1351
362	1352
362	1353
363	1354
363	1355
363	1356
363	1357
364	1358
364	1359
364	1360
364	1361
365	1362
365	1363
365	1364
365	1365
365	1366
366	1367
366	1368
366	1369
366	1370
366	1371
367	1372
367	1373
367	1374
367	1375
367	1376
368	1377
368	1378
368	1379
368	1380
369	1381
369	1382
369	1383
369	1384
369	1385
370	1386
370	1387
370	1388
370	1389
371	1390
371	1391
371	1392
371	1393
371	1394
372	1395
372	1396
372	1397
372	1398
372	1399
373	1400
373	1401
373	1402
373	1403
374	1404
374	1405
374	1406
374	1407
374	1408
375	1409
375	1410
375	1411
375	1412
375	1413
376	1414
376	1415
376	1416
376	1417
376	1418
377	1419
377	1420
377	1421
377	1422
377	1423
378	1424
378	1425
378	1426
378	1427
379	1428
379	1429
379	1430
379	1431
379	1432
380	1433
380	1434
380	1435
380	1436
381	1437
381	1438
381	1439
381	1440
381	1441
382	1442
382	1443
382	1444
382	1445
382	1446
383	1447
383	1448
383	1449
383	1450
384	1451
384	1452
384	1453
384	1454
384	1455
385	1456
385	1457
385	1458
385	1459
386	1460
386	1461
386	1462
386	1463
386	1464
387	1465
387	1466
387	1467
387	1468
388	1469
388	1470
388	1471
388	1472
388	1473
389	1474
389	1475
389	1476
389	1477
390	1478
390	1479
390	1480
390	1481
390	1482
391	1483
391	1484
391	1485
391	1486
391	1487
392	1488
392	1489
392	1490
392	1491
392	1492
393	1493
393	1494
393	1495
393	1496
394	1497
394	1498
394	1499
394	1500
395	1501
395	1502
395	1503
395	1504
396	1505
396	1506
396	1507
396	1508
396	1509
397	1510
397	1511
397	1512
397	1513
397	1514
398	1515
398	1516
398	1517
398	1518
399	1519
399	1520
399	1521
399	1522
399	1523
400	1524
400	1525
400	1526
400	1527
401	1528
401	1529
401	1530
401	1531
402	1532
402	1533
402	1534
402	1535
402	1536
403	1537
403	1538
403	1539
403	1540
404	1541
404	1542
404	1543
404	1544
404	1545
405	1546
405	1547
405	1548
405	1549
405	1550
406	1551
406	1552
406	1553
406	1554
407	1555
407	1556
407	1557
407	1558
408	1559
408	1560
408	1561
408	1562
408	1563
409	1564
409	1565
409	1566
409	1567
410	1568
410	1569
410	1570
410	1571
410	1572
411	1573
411	1574
411	1575
411	1576
412	1577
412	1578
412	1579
412	1580
413	1581
413	1582
413	1583
413	1584
413	1585
414	1586
414	1587
414	1588
414	1589
415	1590
415	1591
415	1592
415	1593
415	1594
416	1595
416	1596
416	1597
416	1598
417	1599
417	1600
417	1601
417	1602
417	1603
418	1604
418	1605
418	1606
418	1607
419	1608
419	1609
419	1610
419	1611
419	1612
420	1613
420	1614
420	1615
420	1616
421	1617
421	1618
421	1619
421	1620
421	1621
422	1622
422	1623
422	1624
422	1625
423	1626
423	1627
423	1628
423	1629
424	1630
424	1631
424	1632
424	1633
424	1634
425	1635
425	1636
425	1637
425	1638
425	1639
426	1640
426	1641
426	1642
426	1643
427	1644
427	1645
427	1646
427	1647
428	1648
428	1649
428	1650
428	1651
428	1652
429	1653
429	1654
429	1655
429	1656
430	1657
430	1658
430	1659
430	1660
430	1661
431	1662
431	1663
431	1664
431	1665
432	1666
432	1667
432	1668
432	1669
432	1670
433	1671
433	1672
433	1673
433	1674
434	1675
434	1676
434	1677
434	1678
434	1679
435	1680
435	1681
435	1682
435	1683
436	1684
436	1685
436	1686
436	1687
436	1688
437	1689
437	1690
437	1691
437	1692
438	1693
438	1694
438	1695
438	1696
438	1697
439	1698
439	1699
439	1700
439	1701
440	1702
440	1703
440	1704
440	1705
441	1706
441	1707
441	1708
441	1709
442	1710
442	1711
442	1712
442	1713
442	1714
443	1715
443	1716
443	1717
443	1718
444	1719
444	1720
444	1721
444	1722
445	1723
445	1724
445	1725
445	1726
446	1727
446	1728
446	1729
446	1730
446	1731
447	1732
447	1733
447	1734
447	1735
448	1736
448	1737
448	1738
448	1739
449	1740
449	1741
449	1742
449	1743
449	1744
450	1745
450	1746
450	1747
450	1748
451	1749
451	1750
451	1751
451	1752
451	1753
452	1754
452	1755
452	1756
452	1757
453	1758
453	1759
453	1760
453	1761
454	1762
454	1763
454	1764
454	1765
454	1766
455	1767
455	1768
455	1769
455	1770
456	1771
456	1772
456	1773
456	1774
457	1775
457	1776
457	1777
457	1778
458	1779
458	1780
458	1781
458	1782
459	1783
459	1784
459	1785
459	1786
460	1787
460	1788
460	1789
460	1790
460	1791
461	1792
461	1793
461	1794
461	1795
462	1796
462	1797
462	1798
462	1799
462	1800
463	1801
463	1802
463	1803
463	1804
464	1805
464	1806
464	1807
464	1808
465	1809
465	1810
465	1811
465	1812
466	1813
466	1814
466	1815
466	1816
466	1817
467	1818
467	1819
467	1820
467	1821
468	1822
468	1823
468	1824
468	1825
469	1826
469	1827
469	1828
469	1829
470	1830
470	1831
470	1832
470	1833
470	1834
471	1835
471	1836
471	1837
471	1838
472	1839
472	1840
472	1841
472	1842
472	1843
473	1844
473	1845
473	1846
473	1847
474	1848
474	1849
474	1850
474	1851
474	1852
475	1853
475	1854
475	1855
475	1856
476	1857
476	1858
476	1859
476	1860
477	1861
477	1862
477	1863
477	1864
478	1865
478	1866
478	1867
478	1868
478	1869
479	1870
479	1871
479	1872
479	1873
480	1874
480	1875
480	1876
480	1877
481	1878
481	1879
481	1880
481	1881
482	1882
482	1883
482	1884
482	1885
482	1886
483	1887
483	1888
483	1889
483	1890
484	1891
484	1892
484	1893
484	1894
485	1895
485	1896
485	1897
485	1898
485	1899
486	1900
486	1901
486	1902
486	1903
487	1904
487	1905
487	1906
487	1907
488	1908
488	1909
488	1910
488	1911
489	1912
489	1913
489	1914
489	1915
489	1916
490	1917
490	1918
490	1919
490	1920
491	1921
491	1922
491	1923
491	1924
492	1925
492	1926
492	1927
492	1928
493	1929
493	1930
493	1931
493	1932
493	1933
494	1934
494	1935
494	1936
494	1937
494	1938
495	1939
495	1940
495	1941
495	1942
496	1943
496	1944
496	1945
496	1946
496	1947
497	1948
497	1949
497	1950
497	1951
498	1952
498	1953
498	1954
498	1955
499	1956
499	1957
499	1958
499	1959
499	1960
500	1961
500	1962
500	1963
500	1964
501	1965
501	1966
501	1967
501	1968
502	1969
502	1970
502	1971
502	1972
502	1973
503	1974
503	1975
503	1976
503	1977
504	1978
504	1979
504	1980
504	1981
505	1982
505	1983
505	1984
505	1985
505	1986
506	1987
506	1988
506	1989
506	1990
506	1991
507	1992
507	1993
507	1994
507	1995
508	1996
508	1997
508	1998
508	1999
508	2000
509	2001
509	2002
509	2003
509	2004
510	2005
510	2006
510	2007
510	2008
511	2009
511	2010
511	2011
511	2012
511	2013
512	2014
512	2015
512	2016
512	2017
513	2018
513	2019
513	2020
513	2021
513	2022
514	2023
514	2024
514	2025
514	2026
515	2027
515	2028
515	2029
515	2030
516	2031
516	2032
516	2033
516	2034
517	2035
517	2036
517	2037
517	2038
518	2039
518	2040
518	2041
518	2042
519	2043
519	2044
519	2045
519	2046
519	2047
520	2048
520	2049
520	2050
520	2051
521	2052
521	2053
521	2054
521	2055
522	2056
522	2057
522	2058
522	2059
523	2060
523	2061
523	2062
523	2063
523	2064
524	2065
524	2066
524	2067
524	2068
525	2069
525	2070
525	2071
525	2072
526	2073
526	2074
526	2075
526	2076
527	2077
527	2078
527	2079
527	2080
527	2081
528	2082
528	2083
528	2084
528	2085
529	2086
529	2087
529	2088
529	2089
530	2090
530	2091
530	2092
530	2093
530	2094
531	2095
531	2096
531	2097
531	2098
532	2099
532	2100
532	2101
532	2102
532	2103
533	2104
533	2105
533	2106
533	2107
534	2108
534	2109
534	2110
534	2111
534	2112
535	2113
535	2114
535	2115
535	2116
535	2117
536	2118
536	2119
536	2120
536	2121
537	2122
537	2123
537	2124
537	2125
537	2126
538	2127
538	2128
538	2129
538	2130
538	2131
539	2132
539	2133
539	2134
539	2135
540	2136
540	2137
540	2138
540	2139
540	2140
541	2141
541	2142
541	2143
541	2144
542	2145
542	2146
542	2147
542	2148
542	2149
543	2150
543	2151
543	2152
543	2153
544	2154
544	2155
544	2156
544	2157
544	2158
545	2159
545	2160
545	2161
545	2162
546	2163
546	2164
546	2165
546	2166
546	2167
547	2168
547	2169
547	2170
547	2171
548	2172
548	2173
548	2174
548	2175
548	2176
549	2177
549	2178
549	2179
549	2180
550	2181
550	2182
550	2183
550	2184
550	2185
551	2186
551	2187
551	2188
551	2189
552	2190
552	2191
552	2192
552	2193
552	2194
553	2195
553	2196
553	2197
553	2198
553	2199
554	2200
554	2201
554	2202
554	2203
555	2204
555	2205
555	2206
555	2207
556	2208
556	2209
556	2210
556	2211
556	2212
557	2213
557	2214
557	2215
557	2216
558	2217
558	2218
558	2219
558	2220
559	2221
559	2222
559	2223
559	2224
559	2225
560	2226
560	2227
560	2228
560	2229
561	2230
561	2231
561	2232
561	2233
561	2234
562	2235
562	2236
562	2237
562	2238
563	2239
563	2240
563	2241
563	2242
563	2243
564	2244
564	2245
564	2246
565	2247
565	2248
565	2249
565	2250
565	2251
566	2252
566	2253
566	2254
566	2255
566	2256
567	2257
567	2258
567	2259
567	2260
568	2261
568	2262
568	2263
568	2264
569	2265
569	2266
569	2267
569	2268
569	2269
570	2270
570	2271
570	2272
570	2273
570	2274
571	2275
571	2276
571	2277
571	2278
572	2279
572	2280
572	2281
572	2282
573	2283
573	2284
573	2285
573	2286
573	2287
574	2288
574	2289
574	2290
574	2291
575	2292
575	2293
575	2294
575	2295
575	2296
576	2297
576	2298
576	2299
577	2300
577	2301
577	2302
577	2303
578	2304
578	2305
578	2306
578	2307
578	2308
579	2309
579	2310
579	2311
579	2312
580	2313
580	2314
580	2315
580	2316
580	2317
581	2318
581	2319
581	2320
581	2321
582	2322
582	2323
582	2324
582	2325
583	2326
583	2327
583	2328
583	2329
583	2330
584	2331
584	2332
584	2333
584	2334
584	2335
585	2336
585	2337
585	2338
585	2339
586	2340
586	2341
586	2342
586	2343
586	2344
587	2345
587	2346
587	2347
587	2348
587	2349
588	2350
588	2351
588	2352
588	2353
589	2354
589	2355
589	2356
589	2357
589	2358
590	2359
590	2360
590	2361
590	2362
590	2363
591	2364
591	2365
591	2366
591	2367
591	2368
592	2369
592	2370
592	2371
592	2372
593	2373
593	2374
593	2375
593	2376
593	2377
594	2378
594	2379
594	2380
594	2381
595	2382
595	2383
595	2384
595	2385
595	2386
596	2387
596	2388
596	2389
596	2390
596	2391
597	2392
597	2393
597	2394
597	2395
598	2396
598	2397
598	2398
598	2399
598	2400
599	2401
599	2402
599	2403
599	2404
599	2405
600	2406
600	2407
600	2408
600	2409
601	2410
601	2411
601	2412
601	2413
601	2414
602	2415
602	2416
602	2417
602	2418
602	2419
603	2420
603	2421
603	2422
603	2423
604	2424
604	2425
604	2426
604	2427
604	2428
605	2429
605	2430
605	2431
605	2432
605	2433
606	2434
606	2435
606	2436
606	2437
607	2438
607	2439
607	2440
607	2441
607	2442
608	2443
608	2444
608	2445
608	2446
608	2447
609	2448
609	2449
609	2450
609	2451
610	2452
610	2453
610	2454
610	2455
610	2456
611	2457
611	2458
611	2459
611	2460
611	2461
612	2462
612	2463
612	2464
612	2465
613	2466
613	2467
613	2468
613	2469
614	2470
614	2471
614	2472
614	2473
614	2474
615	2475
615	2476
615	2477
615	2478
616	2479
616	2480
616	2481
616	2482
616	2483
617	2484
617	2485
617	2486
617	2487
617	2488
618	2489
618	2490
618	2491
618	2492
619	2493
619	2494
619	2495
619	2496
619	2497
620	2498
620	2499
620	2500
620	2501
621	2502
621	2503
621	2504
621	2505
621	2506
622	2507
622	2508
622	2509
622	2510
623	2511
623	2512
623	2513
623	2514
623	2515
624	2516
624	2517
624	2518
624	2519
625	2520
625	2521
625	2522
625	2523
625	2524
626	2525
626	2526
626	2527
626	2528
627	2529
627	2530
627	2531
627	2532
628	2533
628	2534
628	2535
628	2536
628	2537
629	2538
629	2539
629	2540
629	2541
630	2542
630	2543
630	2544
630	2545
630	2546
631	2547
631	2548
631	2549
631	2550
631	2551
632	2552
632	2553
632	2554
632	2555
633	2556
633	2557
633	2558
633	2559
634	2560
634	2561
634	2562
634	2563
635	2564
635	2565
635	2566
635	2567
635	2568
636	2569
636	2570
636	2571
636	2572
637	2573
637	2574
637	2575
637	2576
638	2577
638	2578
638	2579
638	2580
638	2581
639	2582
639	2583
639	2584
639	2585
640	2586
640	2587
640	2588
640	2589
641	2590
641	2591
641	2592
641	2593
642	2594
642	2595
642	2596
642	2597
643	2598
643	2599
643	2600
643	2601
643	2602
644	2603
644	2604
644	2605
644	2606
645	2607
645	2608
645	2609
645	2610
645	2611
646	2612
646	2613
646	2614
646	2615
647	2616
647	2617
647	2618
647	2619
647	2620
648	2621
648	2622
648	2623
648	2624
649	2625
649	2626
649	2627
649	2628
650	2629
650	2630
650	2631
650	2632
650	2633
651	2634
651	2635
651	2636
651	2637
651	2638
652	2639
652	2640
653	2641
653	2642
653	2643
653	2644
653	2645
654	2646
654	2647
654	2648
654	2649
655	2650
655	2651
655	2652
655	2653
655	2654
656	2655
656	2656
656	2657
656	2658
656	2659
657	2660
657	2661
657	2662
657	2663
658	2664
658	2665
658	2666
658	2667
658	2668
659	2669
659	2670
659	2671
659	2672
659	2673
660	2674
660	2675
660	2676
660	2677
660	2678
661	2679
661	2680
661	2681
661	2682
661	2683
662	2684
662	2685
662	2686
662	2687
663	2688
663	2689
663	2690
663	2691
663	2692
664	2693
664	2694
664	2695
664	2696
664	2697
665	2698
665	2699
665	2700
665	2701
665	2702
666	2703
666	2704
666	2705
666	2706
667	2707
667	2708
667	2709
667	2710
667	2711
668	2712
668	2713
668	2714
668	2715
668	2716
669	2717
669	2718
669	2719
669	2720
669	2721
670	2722
670	2723
670	2724
670	2725
671	2726
671	2727
671	2728
671	2729
671	2730
672	2731
672	2732
672	2733
672	2734
672	2735
673	2736
673	2737
673	2738
673	2739
673	2740
674	2741
674	2742
674	2743
674	2744
675	2745
675	2746
675	2747
675	2748
675	2749
676	2750
676	2751
676	2752
676	2753
676	2754
677	2755
677	2756
677	2757
677	2758
677	2759
678	2760
678	2761
678	2762
678	2763
679	2764
679	2765
679	2766
679	2767
679	2768
680	2769
680	2770
680	2771
680	2772
680	2773
681	2774
681	2775
681	2776
681	2777
681	2778
682	2779
682	2780
682	2781
682	2782
683	2783
683	2784
683	2785
683	2786
683	2787
684	2788
684	2789
684	2790
684	2791
685	2792
685	2793
685	2794
685	2795
685	2796
686	2797
686	2798
686	2799
686	2800
686	2801
687	2802
687	2803
687	2804
687	2805
687	2806
688	2807
688	2808
688	2809
688	2810
689	2811
689	2812
689	2813
689	2814
689	2815
690	2816
690	2817
690	2818
690	2819
690	2820
691	2821
691	2822
691	2823
691	2824
692	2825
692	2826
692	2827
692	2828
692	2829
693	2830
693	2831
693	2832
693	2833
693	2834
694	2835
694	2836
694	2837
694	2838
695	2839
695	2840
695	2841
695	2842
695	2843
696	2844
696	2845
696	2846
696	2847
696	2848
697	2849
697	2850
697	2851
697	2852
697	2853
698	2854
698	2855
698	2856
698	2857
699	2858
699	2859
699	2860
699	2861
699	2862
700	2863
700	2864
700	2865
700	2866
700	2867
701	2868
701	2869
701	2870
701	2871
701	2872
702	2873
702	2874
702	2875
702	2876
702	2877
703	2878
703	2879
703	2880
703	2881
703	2882
704	2883
704	2884
704	2885
704	2886
705	2887
705	2888
705	2889
705	2890
705	2891
706	2892
706	2893
706	2894
706	2895
706	2896
707	2897
707	2898
707	2899
707	2900
707	2901
708	2902
708	2903
708	2904
708	2905
709	2906
709	2907
709	2908
709	2909
709	2910
710	2911
710	2912
710	2913
710	2914
710	2915
711	2916
711	2917
711	2918
711	2919
711	2920
712	2921
712	2922
712	2923
712	2924
712	2925
713	2926
713	2927
713	2928
713	2929
714	2930
714	2931
714	2932
714	2933
714	2934
715	2935
715	2936
715	2937
715	2938
715	2939
716	2940
716	2941
716	2942
716	2943
716	2944
717	2945
717	2946
717	2947
717	2948
717	2949
718	2950
718	2951
718	2952
718	2953
719	2954
719	2955
719	2956
719	2957
719	2958
720	2959
720	2960
720	2961
720	2962
720	2963
721	2964
721	2965
721	2966
721	2967
721	2968
722	2969
722	2970
722	2971
722	2972
723	2973
723	2974
723	2975
723	2976
723	2977
724	2978
724	2979
724	2980
724	2981
724	2982
725	2983
725	2984
725	2985
725	2986
726	2987
726	2988
726	2989
726	2990
726	2991
727	2992
727	2993
727	2994
727	2995
727	2996
728	2997
728	2998
728	2999
728	3000
728	3001
729	3002
729	3003
729	3004
729	3005
729	3006
730	3007
730	3008
730	3009
730	3010
730	3011
731	3012
731	3013
731	3014
731	3015
732	3016
732	3017
732	3018
732	3019
732	3020
733	3021
733	3022
733	3023
733	3024
733	3025
734	3026
734	3027
734	3028
734	3029
734	3030
735	3031
735	3032
735	3033
735	3034
736	3035
736	3036
736	3037
736	3038
736	3039
737	3040
737	3041
737	3042
737	3043
737	3044
738	3045
738	3046
738	3047
738	3048
739	3049
739	3050
739	3051
739	3052
739	3053
740	3054
740	3055
740	3056
740	3057
740	3058
741	3059
741	3060
741	3061
741	3062
741	3063
742	3064
742	3065
742	3066
742	3067
743	3068
743	3069
743	3070
743	3071
743	3072
744	3073
744	3074
744	3075
744	3076
745	3077
745	3078
745	3079
745	3080
746	3081
746	3082
746	3083
746	3084
746	3085
747	3086
747	3087
747	3088
747	3089
748	3090
748	3091
748	3092
748	3093
749	3094
749	3095
749	3096
749	3097
749	3098
750	3099
750	3100
750	3101
750	3102
751	3103
751	3104
751	3105
751	3106
751	3107
752	3108
752	3109
752	3110
752	3111
753	3112
753	3113
753	3114
753	3115
753	3116
754	3117
754	3118
754	3119
754	3120
755	3121
755	3122
755	3123
755	3124
755	3125
756	3126
756	3127
756	3128
756	3129
757	3130
757	3131
757	3132
757	3133
757	3134
758	3135
758	3136
758	3137
758	3138
758	3139
759	3140
759	3141
759	3142
759	3143
760	3144
760	3145
760	3146
760	3147
760	3148
761	3149
761	3150
761	3151
761	3152
762	3153
762	3154
762	3155
762	3156
762	3157
763	3158
763	3159
763	3160
763	3161
763	3162
764	3163
764	3164
764	3165
764	3166
765	3167
765	3168
765	3169
765	3170
766	3171
766	3172
766	3173
766	3174
766	3175
767	3176
767	3177
767	3178
767	3179
767	3180
768	3181
768	3182
768	3183
768	3184
768	3185
769	3186
769	3187
769	3188
769	3189
770	3190
770	3191
770	3192
770	3193
770	3194
771	3195
771	3196
771	3197
771	3198
772	3199
772	3200
772	3201
772	3202
772	3203
773	3204
773	3205
773	3206
773	3207
774	3208
774	3209
774	3210
774	3211
774	3212
775	3213
775	3214
775	3215
775	3216
775	3217
776	3218
776	3219
776	3220
776	3221
777	3222
777	3223
777	3224
777	3225
777	3226
778	3227
778	3228
778	3229
778	3230
779	3231
779	3232
779	3233
779	3234
779	3235
780	3236
780	3237
780	3238
780	3239
780	3240
781	3241
781	3242
781	3243
781	3244
782	3245
782	3246
782	3247
782	3248
782	3249
783	3250
783	3251
783	3252
783	3253
783	3254
784	3255
784	3256
784	3257
784	3258
785	3259
785	3260
785	3261
785	3262
785	3263
786	3264
786	3265
786	3266
786	3267
787	3268
787	3269
787	3270
787	3271
787	3272
788	3273
788	3274
788	3275
788	3276
789	3277
789	3278
789	3279
789	3280
789	3281
790	3282
790	3283
790	3284
790	3285
790	3286
791	3287
791	3288
791	3289
791	3290
791	3291
792	3292
792	3293
792	3294
792	3295
793	3296
793	3297
793	3298
793	3299
793	3300
794	3301
794	3302
794	3303
794	3304
794	3305
795	3306
795	3307
795	3308
795	3309
796	3310
796	3311
796	3312
796	3313
796	3314
797	3315
797	3316
797	3317
797	3318
797	3319
798	3320
798	3321
798	3322
798	3323
799	3324
799	3325
799	3326
799	3327
799	3328
800	3329
800	3330
800	3331
800	3332
801	3333
801	3334
801	3335
801	3336
801	3337
802	3338
802	3339
802	3340
802	3341
803	3342
803	3343
803	3344
803	3345
803	3346
804	3347
804	3348
804	3349
804	3350
805	3351
805	3352
805	3353
805	3354
805	3355
806	3356
806	3357
806	3358
806	3359
806	3360
807	3361
807	3362
807	3363
807	3364
808	3365
808	3366
808	3367
808	3368
808	3369
809	3370
809	3371
809	3372
809	3373
809	3374
810	3375
810	3376
810	3377
810	3378
811	3379
811	3380
811	3381
811	3382
811	3383
812	3384
812	3385
812	3386
812	3387
812	3388
813	3389
813	3390
813	3391
813	3392
813	3393
814	3394
814	3395
814	3396
814	3397
815	3398
815	3399
815	3400
815	3401
815	3402
816	3403
816	3404
816	3405
816	3406
816	3407
817	3408
817	3409
817	3410
817	3411
818	3412
818	3413
818	3414
818	3415
818	3416
819	3417
819	3418
819	3419
819	3420
819	3421
820	3422
820	3423
820	3424
820	3425
820	3426
821	3427
821	3428
821	3429
821	3430
821	3431
822	3432
822	3433
822	3434
822	3435
823	3436
823	3437
823	3438
823	3439
823	3440
824	3441
824	3442
824	3443
824	3444
824	3445
825	3446
825	3447
825	3448
825	3449
825	3450
826	3451
826	3452
826	3453
826	3454
826	3455
827	3456
827	3457
827	3458
827	3459
828	3460
828	3461
828	3462
828	3463
828	3464
829	3465
829	3466
829	3467
829	3468
829	3469
830	3470
830	3471
830	3472
830	3473
830	3474
831	3475
831	3476
831	3477
831	3478
832	3479
832	3480
832	3481
832	3482
832	3483
833	3484
833	3485
833	3486
833	3487
833	3488
834	3489
834	3490
834	3491
834	3492
835	3493
835	3494
835	3495
835	3496
835	3497
836	3498
836	3499
836	3500
836	3501
836	3502
837	3503
837	3504
837	3505
837	3506
837	3507
838	3508
838	3509
838	3510
838	3511
839	3512
839	3513
839	3514
839	3515
839	3516
840	3517
840	3518
840	3519
840	3520
840	3521
841	3522
841	3523
841	3524
841	3525
841	3526
842	3527
842	3528
842	3529
842	3530
842	3531
843	3532
843	3533
843	3534
843	3535
844	3536
844	3537
844	3538
844	3539
844	3540
845	3541
845	3542
845	3543
845	3544
845	3545
846	3546
846	3547
846	3548
846	3549
846	3550
847	3551
847	3552
847	3553
847	3554
847	3555
848	3556
848	3557
848	3558
848	3559
849	3560
849	3561
849	3562
849	3563
849	3564
850	3565
850	3566
850	3567
850	3568
850	3569
851	3570
851	3571
851	3572
851	3573
851	3574
852	3575
852	3576
852	3577
852	3578
853	3579
853	3580
853	3581
853	3582
853	3583
854	3584
854	3585
854	3586
854	3587
854	3588
855	3589
855	3590
855	3591
855	3592
855	3593
856	3594
856	3595
856	3596
856	3597
856	3598
857	3599
857	3600
857	3601
857	3602
858	3603
858	3604
858	3605
858	3606
858	3607
859	3608
859	3609
859	3610
859	3611
860	3612
860	3613
860	3614
860	3615
861	3616
861	3617
861	3618
861	3619
861	3620
862	3621
862	3622
862	3623
862	3624
862	3625
863	3626
863	3627
863	3628
863	3629
864	3630
864	3631
864	3632
864	3633
864	3634
865	3635
865	3636
865	3637
865	3638
866	3639
866	3640
866	3641
866	3642
866	3643
867	3644
867	3645
867	3646
867	3647
868	3648
868	3649
868	3650
868	3651
868	3652
869	3653
869	3654
869	3655
869	3656
869	3657
870	3658
870	3659
870	3660
870	3661
870	3662
871	3663
871	3664
871	3665
871	3666
872	3667
872	3668
872	3669
872	3670
873	3671
873	3672
873	3673
873	3674
873	3675
874	3676
874	3677
874	3678
874	3679
875	3680
875	3681
875	3682
875	3683
875	3684
876	3685
876	3686
876	3687
876	3688
877	3689
877	3690
877	3691
877	3692
877	3693
878	3694
878	3695
878	3696
878	3697
879	3698
879	3699
879	3700
879	3701
879	3702
880	3703
880	3704
880	3705
880	3706
880	3707
881	3708
881	3709
881	3710
881	3711
882	3712
882	3713
882	3714
882	3715
883	3716
883	3717
883	3718
883	3719
883	3720
884	3721
884	3722
884	3723
884	3724
885	3725
885	3726
885	3727
885	3728
885	3729
886	3730
886	3731
886	3732
886	3733
886	3734
887	3735
887	3736
887	3737
887	3738
888	3739
888	3740
888	3741
888	3742
889	3743
889	3744
889	3745
889	3746
889	3747
890	3748
890	3749
890	3750
890	3751
891	3752
891	3753
891	3754
891	3755
891	3756
892	3757
892	3758
892	3759
892	3760
892	3761
893	3762
893	3763
893	3764
893	3765
894	3766
894	3767
894	3768
894	3769
894	3770
895	3771
895	3772
895	3773
895	3774
896	3775
896	3776
896	3777
896	3778
896	3779
897	3780
897	3781
897	3782
897	3783
897	3784
898	3785
898	3786
898	3787
898	3788
899	3789
899	3790
899	3791
899	3792
899	3793
900	3794
900	3795
900	3796
900	3797
901	3798
901	3799
901	3800
901	3801
901	3802
902	3803
902	3804
902	3805
902	3806
903	3807
903	3808
903	3809
903	3810
903	3811
904	3812
904	3813
904	3814
904	3815
904	3816
905	3817
905	3818
905	3819
905	3820
906	3821
906	3822
906	3823
906	3824
907	3825
907	3826
907	3827
907	3828
907	3829
908	3830
908	3831
908	3832
908	3833
909	3834
909	3835
909	3836
909	3837
909	3838
910	3839
910	3840
910	3841
910	3842
910	3843
911	3844
911	3845
911	3846
911	3847
912	3848
912	3849
912	3850
912	3851
912	3852
913	3853
913	3854
913	3855
913	3856
914	3857
914	3858
914	3859
914	3860
914	3861
915	3862
915	3863
915	3864
915	3865
915	3866
916	3867
916	3868
916	3869
917	3870
917	3871
917	3872
917	3873
917	3874
918	3875
918	3876
918	3877
918	3878
918	3879
919	3880
919	3881
919	3882
919	3883
920	3884
920	3885
920	3886
920	3887
920	3888
921	3889
921	3890
921	3891
921	3892
922	3893
922	3894
922	3895
922	3896
922	3897
923	3898
923	3899
923	3900
923	3901
924	3902
924	3903
924	3904
925	3905
925	3906
925	3907
925	3908
925	3909
926	3910
926	3911
926	3912
926	3913
926	3914
927	3915
927	3916
927	3917
927	3918
928	3919
928	3920
928	3921
928	3922
929	3923
929	3924
929	3925
929	3926
929	3927
930	3928
930	3929
930	3930
930	3931
930	3932
931	3933
931	3934
931	3935
931	3936
932	3937
932	3938
932	3939
932	3940
932	3941
933	3942
933	3943
933	3944
933	3945
933	3946
934	3947
934	3948
934	3949
934	3950
935	3951
935	3952
935	3953
935	3954
936	3955
936	3956
936	3957
936	3958
936	3959
937	3960
937	3961
937	3962
937	3963
938	3964
938	3965
938	3966
938	3967
938	3968
939	3969
939	3970
939	3971
939	3972
940	3973
940	3974
940	3975
940	3976
940	3977
941	3978
941	3979
941	3980
941	3981
942	3982
942	3983
942	3984
942	3985
942	3986
943	3987
943	3988
943	3989
943	3990
944	3991
944	3992
944	3993
944	3994
944	3995
945	3996
945	3997
945	3998
945	3999
945	4000
946	4001
948	4002
950	4003
950	4004
950	4005
950	4006
951	4007
951	4008
951	4009
951	4010
951	4011
952	4012
952	4013
952	4014
952	4015
953	4016
953	4017
953	4018
953	4019
954	4020
954	4021
954	4022
954	4023
954	4024
955	4025
955	4026
955	4027
955	4028
955	4029
956	4030
956	4031
956	4032
956	4033
957	4034
957	4035
957	4036
957	4037
957	4038
958	4039
959	4040
961	4041
963	4042
965	4043
967	4044
969	4045
971	4046
973	4047
975	4048
977	4049
979	4050
982	4051
982	4052
982	4053
982	4054
983	4055
983	4056
983	4057
983	4058
984	4059
984	4060
984	4061
984	4062
985	4063
985	4064
985	4065
985	4066
986	4067
986	4068
986	4069
986	4070
987	4071
987	4072
987	4073
987	4074
988	4075
988	4076
988	4077
988	4078
988	4079
989	4080
989	4081
989	4082
989	4083
990	4084
990	4085
990	4086
990	4087
991	4088
991	4089
991	4090
991	4091
992	4092
992	4093
992	4094
992	4095
993	4096
993	4097
993	4098
993	4099
993	4100
994	4101
994	4102
994	4103
994	4104
995	4105
995	4106
995	4107
995	4108
996	4109
996	4110
996	4111
996	4112
997	4113
997	4114
997	4115
997	4116
997	4117
998	4118
998	4119
1000	4120
1002	4121
1004	4122
1006	4123
1009	4124
1010	4125
1013	4126
1015	4127
1017	4128
1019	4129
1021	4130
1023	4131
1025	4132
1027	4133
1028	4134
1028	4135
1028	4136
1029	4137
1029	4138
1029	4139
1029	4140
1029	4141
1030	4142
1030	4143
1030	4144
1030	4145
1031	4146
1031	4147
1031	4148
1031	4149
1031	4150
1032	4151
1032	4152
1032	4153
1032	4154
1033	4155
1033	4156
1033	4157
1033	4158
1033	4159
1034	4160
1034	4161
1034	4162
1034	4163
1034	4164
1035	4165
1035	4166
1035	4167
1035	4168
1036	4169
1036	4170
1036	4171
1036	4172
1036	4173
1037	4174
1037	4175
1037	4176
1037	4177
1037	4178
1038	4179
1038	4180
1038	4181
1038	4182
1039	4183
1039	4184
1039	4185
1039	4186
1039	4187
1040	4188
1040	4189
1040	4190
1040	4191
1040	4192
1041	4193
1041	4194
1041	4195
1041	4196
1042	4197
1042	4198
1044	4199
1046	4200
1048	4201
1050	4202
1052	4203
1054	4204
1056	4205
1058	4206
1061	4207
1063	4208
1065	4209
1067	4210
1069	4211
1070	4212
1070	4213
1070	4214
1071	4215
1071	4216
1071	4217
1071	4218
1071	4219
1072	4220
1072	4221
1072	4222
1072	4223
1073	4224
1073	4225
1073	4226
1073	4227
1073	4228
1074	4229
1074	4230
1074	4231
1074	4232
1075	4233
1075	4234
1075	4235
1075	4236
1075	4237
1076	4238
1076	4239
1076	4240
1076	4241
1076	4242
1077	4243
1077	4244
1077	4245
1077	4246
1078	4247
1078	4248
1078	4249
1078	4250
1078	4251
1079	4252
1079	4253
1079	4254
1079	4255
1079	4256
1080	4257
1080	4258
1080	4259
1080	4260
1080	4261
1081	4262
1081	4263
1081	4264
1081	4265
1081	4266
1082	4267
1082	4268
1082	4269
1082	4270
1082	4271
1083	4272
1083	4273
1083	4274
1083	4275
1084	4276
1084	4277
1086	4278
1088	4279
1090	4280
1092	4281
1094	4282
1096	4283
1098	4284
1100	4285
1102	4286
1104	4287
1106	4288
1108	4289
1110	4290
1112	4291
1114	4292
1114	4293
1114	4294
1114	4295
1115	4296
1115	4297
1115	4298
1115	4299
1116	4300
1116	4301
1116	4302
1116	4303
1116	4304
1117	4305
1117	4306
1117	4307
1117	4308
1117	4309
1118	4310
1118	4311
1118	4312
1118	4313
1119	4314
1119	4315
1119	4316
1119	4317
1119	4318
1120	4319
1120	4320
1120	4321
1120	4322
1120	4323
1121	4324
1121	4325
1121	4326
1121	4327
1122	4328
1122	4329
1122	4330
1122	4331
1122	4332
1123	4333
1123	4334
1123	4335
1123	4336
1123	4337
1124	4338
1124	4339
1124	4340
1124	4341
1124	4342
1125	4343
1125	4344
1125	4345
1125	4346
1126	4347
1126	4348
1126	4349
1126	4350
1126	4351
1127	4352
1127	4353
1127	4354
1127	4355
1127	4356
1128	4357
1129	4358
1131	4359
1133	4360
1135	4361
1137	4362
1139	4363
1141	4364
1143	4365
1145	4366
1147	4367
1149	4368
1151	4369
1153	4370
1155	4371
1156	4372
1156	4373
1156	4374
1156	4375
1157	4376
1157	4377
1157	4378
1157	4379
1158	4380
1158	4381
1158	4382
1158	4383
1158	4384
1159	4385
1159	4386
1159	4387
1159	4388
1159	4389
1160	4390
1160	4391
1160	4392
1160	4393
1161	4394
1161	4395
1161	4396
1161	4397
1161	4398
1162	4399
1162	4400
1162	4401
1162	4402
1162	4403
1163	4404
1163	4405
1163	4406
1163	4407
1164	4408
1164	4409
1164	4410
1164	4411
1164	4412
1165	4413
1165	4414
1165	4415
1165	4416
1165	4417
1166	4418
1166	4419
1166	4420
1166	4421
1166	4422
1167	4423
1167	4424
1167	4425
1167	4426
1168	4427
1168	4428
1168	4429
1168	4430
1168	4431
1169	4432
1169	4433
1169	4434
1169	4435
1170	4436
1170	4437
1171	4438
1174	4439
1176	4440
1178	4441
1180	4442
1182	4443
1184	4444
1186	4445
1188	4446
1190	4447
1192	4448
1193	4449
1196	4450
1198	4451
1200	4452
1200	4453
1200	4454
1200	4455
1201	4456
1201	4457
1201	4458
1201	4459
1201	4460
1202	4461
1202	4462
1202	4463
1202	4464
1202	4465
1203	4466
1203	4467
1203	4468
1203	4469
1204	4470
1204	4471
1204	4472
1204	4473
1204	4474
1205	4475
1205	4476
1205	4477
1205	4478
1205	4479
1206	4480
1206	4481
1206	4482
1206	4483
1206	4484
1207	4485
1207	4486
1207	4487
1207	4488
1208	4489
1208	4490
1208	4491
1208	4492
1208	4493
1209	4494
1209	4495
1209	4496
1209	4497
1209	4498
1210	4499
1210	4500
1210	4501
1210	4502
1210	4503
1211	4504
1211	4505
1211	4506
1211	4507
1212	4508
1212	4509
1212	4510
1212	4511
1212	4512
1213	4513
1213	4514
1213	4515
1213	4516
1213	4517
1214	4518
1215	4519
1217	4520
1218	4521
1221	4522
1223	4523
1225	4524
1227	4525
1229	4526
1231	4527
1233	4528
1235	4529
1237	4530
1239	4531
1241	4532
1242	4533
1242	4534
1242	4535
1242	4536
1243	4537
1243	4538
1243	4539
1243	4540
1244	4541
1244	4542
1244	4543
1244	4544
1244	4545
1245	4546
1245	4547
1245	4548
1245	4549
1245	4550
1246	4551
1246	4552
1246	4553
1246	4554
1246	4555
1247	4556
1247	4557
1247	4558
1247	4559
1247	4560
1248	4561
1248	4562
1248	4563
1248	4564
1249	4565
1249	4566
1249	4567
1249	4568
1249	4569
1250	4570
1250	4571
1250	4572
1250	4573
1250	4574
1251	4575
1251	4576
1251	4577
1251	4578
1251	4579
1252	4580
1252	4581
1252	4582
1252	4583
1252	4584
1253	4585
1253	4586
1253	4587
1253	4588
1254	4589
1254	4590
1254	4591
1254	4592
1254	4593
1255	4594
1255	4595
1255	4596
1255	4597
1255	4598
1256	4599
1256	4600
1258	4601
1260	4602
1262	4603
1264	4604
1266	4605
1268	4606
1270	4607
1272	4608
1274	4609
1276	4610
1278	4611
1280	4612
1282	4613
1284	4614
1286	4615
1286	4616
1286	4617
1286	4618
1287	4619
1287	4620
1287	4621
1287	4622
1287	4623
1288	4624
1288	4625
1288	4626
1288	4627
1288	4628
1289	4629
1289	4630
1289	4631
1289	4632
1290	4633
1290	4634
1290	4635
1290	4636
1290	4637
1291	4638
1291	4639
1291	4640
1291	4641
1291	4642
1292	4643
1292	4644
1292	4645
1292	4646
1292	4647
1293	4648
1293	4649
1293	4650
1293	4651
1293	4652
1294	4653
1294	4654
1294	4655
1294	4656
1294	4657
1295	4658
1295	4659
1295	4660
1295	4661
1296	4662
1296	4663
1296	4664
1296	4665
1296	4666
1297	4667
1297	4668
1297	4669
1297	4670
1297	4671
1298	4672
1298	4673
1298	4674
1298	4675
1298	4676
1299	4677
1300	4678
1302	4679
1304	4680
1306	4681
1308	4682
1310	4683
1312	4684
1314	4685
1316	4686
1318	4687
1320	4688
1322	4689
1324	4690
1326	4691
1328	4692
1329	4693
1329	4694
1329	4695
1330	4696
1330	4697
1330	4698
1330	4699
1330	4700
1331	4701
1331	4702
1331	4703
1331	4704
1332	4705
1332	4706
1332	4707
1332	4708
1332	4709
1333	4710
1333	4711
1333	4712
1333	4713
1333	4714
1334	4715
1334	4716
1334	4717
1334	4718
1334	4719
1335	4720
1335	4721
1335	4722
1335	4723
1336	4724
1336	4725
1336	4726
1336	4727
1337	4728
1337	4729
1337	4730
1337	4731
1337	4732
1338	4733
1338	4734
1338	4735
1338	4736
1338	4737
1339	4738
1339	4739
1339	4740
1339	4741
1340	4742
1340	4743
1340	4744
1340	4745
1340	4746
1341	4747
1341	4748
1341	4749
1341	4750
1342	4751
1342	4752
1342	4753
1342	4754
1342	4755
1343	4756
1344	4757
1346	4758
1348	4759
1350	4760
1353	4761
1354	4762
1357	4763
1359	4764
1361	4765
1362	4766
1364	4767
1366	4768
1368	4769
1370	4770
1371	4771
1371	4772
1371	4773
1372	4774
1372	4775
1372	4776
1372	4777
1372	4778
1373	4779
1373	4780
1373	4781
1373	4782
1373	4783
1374	4784
1374	4785
1374	4786
1374	4787
1374	4788
1375	4789
1375	4790
1375	4791
1375	4792
1376	4793
1376	4794
1376	4795
1376	4796
1377	4797
1377	4798
1377	4799
1377	4800
1377	4801
1378	4802
1378	4803
1378	4804
1378	4805
1378	4806
1379	4807
1379	4808
1379	4809
1379	4810
1379	4811
1380	4812
1380	4813
1380	4814
1380	4815
1381	4816
1381	4817
1381	4818
1381	4819
1381	4820
1382	4821
1382	4822
1382	4823
1382	4824
1383	4825
1383	4826
1383	4827
1383	4828
1384	4829
1384	4830
1384	4831
1384	4832
1384	4833
1385	4834
1385	4835
1387	4836
1389	4837
1391	4838
1393	4839
1395	4840
1397	4841
1399	4842
1401	4843
1403	4844
1405	4845
1407	4846
1409	4847
1411	4848
1414	4849
1415	4850
1415	4851
1415	4852
1416	4853
1416	4854
1416	4855
1416	4856
1416	4857
1417	4858
1417	4859
1417	4860
1417	4861
1418	4862
1418	4863
1418	4864
1418	4865
1419	4866
1419	4867
1419	4868
1419	4869
1420	4870
1420	4871
1420	4872
1420	4873
1420	4874
1421	4875
1421	4876
1421	4877
1421	4878
1421	4879
1422	4880
1422	4881
1422	4882
1422	4883
1423	4884
1423	4885
1423	4886
1423	4887
1423	4888
1424	4889
1424	4890
1424	4891
1424	4892
1425	4893
1425	4894
1425	4895
1425	4896
1426	4897
1426	4898
1426	4899
1426	4900
1427	4901
1427	4902
1427	4903
1427	4904
1427	4905
1428	4906
1428	4907
1428	4908
1428	4909
1429	4910
1430	4911
1432	4912
1434	4913
1436	4914
1439	4915
1441	4916
1443	4917
1445	4918
1447	4919
1449	4920
1451	4921
1453	4922
1455	4923
1457	4924
1457	4925
1457	4926
1457	4927
1458	4928
1458	4929
1458	4930
1458	4931
1459	4932
1459	4933
1459	4934
1460	4935
1460	4936
1460	4937
1460	4938
1460	4939
1461	4940
1461	4941
1461	4942
1461	4943
1462	4944
1462	4945
1462	4946
1462	4947
1463	4948
1463	4949
1463	4950
1463	4951
1464	4952
1464	4953
1464	4954
1464	4955
1465	4956
1465	4957
1465	4958
1465	4959
1466	4960
1466	4961
1466	4962
1466	4963
1467	4964
1467	4965
1467	4966
1467	4967
1468	4968
1468	4969
1468	4970
1468	4971
1469	4972
1469	4973
1469	4974
1470	4975
1470	4976
1470	4977
1470	4978
1470	4979
1471	4980
1471	4981
1471	4982
1471	4983
1472	4984
1473	4985
1475	4986
1477	4987
1479	4988
1482	4989
1483	4990
1486	4991
1488	4992
1490	4993
1492	4994
1494	4995
1496	4996
1498	4997
1500	4998
1500	4999
1500	5000
1500	5001
1501	5002
1501	5003
1501	5004
1501	5005
1502	5006
1502	5007
1502	5008
1502	5009
1502	5010
1503	5011
1503	5012
1503	5013
1503	5014
1504	5015
1504	5016
1504	5017
1504	5018
1504	5019
1505	5020
1505	5021
1505	5022
1505	5023
1506	5024
1506	5025
1506	5026
1506	5027
1506	5028
1507	5029
1507	5030
1507	5031
1507	5032
1508	5033
1508	5034
1508	5035
1508	5036
1508	5037
1509	5038
1509	5039
1509	5040
1509	5041
1509	5042
1510	5043
1510	5044
1510	5045
1510	5046
1510	5047
1511	5048
1511	5049
1511	5050
1511	5051
1512	5052
1512	5053
1512	5054
1512	5055
1512	5056
1513	5057
1514	5058
1516	5059
1518	5060
1520	5061
1522	5062
1525	5063
1527	5064
1529	5065
1531	5066
1533	5067
1535	5068
1537	5069
1539	5070
1541	5071
1543	5072
1545	5073
1545	5074
1545	5075
1545	5076
1546	5077
1546	5078
1546	5079
1546	5080
1547	5081
1547	5082
1547	5083
1547	5084
1547	5085
1548	5086
1548	5087
1548	5088
1548	5089
1549	5090
1549	5091
1549	5092
1549	5093
1549	5094
1550	5095
1550	5096
1550	5097
1550	5098
1550	5099
1551	5100
1551	5101
1551	5102
1551	5103
1551	5104
1552	5105
1552	5106
1552	5107
1552	5108
1553	5109
1553	5110
1553	5111
1553	5112
1553	5113
1554	5114
1554	5115
1554	5116
1554	5117
1554	5118
1555	5119
1555	5120
1555	5121
1555	5122
1555	5123
1556	5124
1556	5125
1556	5126
1556	5127
1556	5128
1557	5129
1557	5130
1557	5131
1557	5132
1558	5133
1558	5134
1558	5135
1558	5136
1558	5137
1559	5138
1559	5139
1559	5140
1559	5141
1559	5142
1560	5143
1560	5144
1560	5145
1560	5146
1560	5147
1561	5148
1561	5149
1561	5150
1561	5151
1562	5152
1562	5153
1562	5154
1562	5155
1562	5156
1563	5157
1563	5158
1563	5159
1563	5160
1563	5161
1564	5162
1564	5163
1564	5164
1564	5165
1565	5166
1565	5167
1565	5168
1565	5169
1565	5170
1566	5171
1566	5172
1568	5173
1570	5174
1572	5175
1574	5176
1576	5177
1578	5178
1580	5179
1582	5180
1584	5181
1586	5182
1588	5183
1590	5184
1592	5185
1594	5186
1596	5187
1598	5188
1601	5189
1603	5190
1605	5191
1607	5192
1608	5193
1610	5194
1612	5195
1614	5196
1616	5197
1618	5198
1620	5199
1620	5200
1620	5201
1620	5202
1621	5203
1621	5204
1621	5205
1621	5206
1621	5207
1622	5208
1622	5209
1622	5210
1622	5211
1622	5212
1623	5213
1623	5214
1623	5215
1623	5216
1624	5217
1624	5218
1624	5219
1624	5220
1624	5221
1625	5222
1625	5223
1625	5224
1625	5225
1625	5226
1626	5227
1626	5228
1626	5229
1626	5230
1626	5231
1627	5232
1627	5233
1627	5234
1627	5235
1628	5236
1628	5237
1628	5238
1628	5239
1628	5240
1629	5241
1629	5242
1629	5243
1629	5244
1629	5245
1630	5246
1630	5247
1630	5248
1630	5249
1630	5250
1631	5251
1632	5252
1634	5253
1636	5254
1638	5255
1640	5256
1642	5257
1644	5258
1646	5259
1648	5260
1650	5261
1652	5262
1654	5263
1656	5264
1658	5265
1660	5266
1661	5267
1663	5268
1665	5269
1667	5270
1669	5271
1671	5272
1673	5273
1675	5274
1677	5275
1679	5276
1681	5277
1683	5278
1683	5279
1683	5280
1683	5281
1684	5282
1684	5283
1684	5284
1684	5285
1684	5286
1685	5287
1685	5288
1685	5289
1685	5290
1686	5291
1686	5292
1686	5293
1686	5294
1686	5295
1687	5296
1687	5297
1687	5298
1687	5299
1687	5300
1688	5301
1688	5302
1688	5303
1688	5304
1688	5305
1689	5306
1689	5307
1689	5308
1689	5309
1689	5310
1690	5311
1690	5312
1690	5313
1690	5314
1691	5315
1691	5316
1691	5317
1691	5318
1691	5319
1692	5320
1692	5321
1692	5322
1692	5323
1692	5324
1693	5325
1693	5326
1693	5327
1693	5328
1693	5329
1694	5330
1695	5331
1697	5332
1699	5333
1701	5334
1703	5335
1705	5336
1707	5337
1709	5338
1711	5339
1713	5340
1715	5341
1717	5342
1719	5343
1721	5344
1723	5345
1725	5346
1727	5347
1729	5348
1731	5349
1733	5350
1735	5351
1737	5352
1739	5353
1741	5354
1743	5355
1745	5356
1747	5357
1748	5358
1748	5359
1748	5360
1749	5361
1749	5362
1749	5363
1749	5364
1749	5365
1750	5366
1750	5367
1750	5368
1750	5369
1751	5370
1751	5371
1751	5372
1751	5373
1751	5374
1752	5375
1752	5376
1752	5377
1752	5378
1752	5379
1753	5380
1753	5381
1753	5382
1753	5383
1753	5384
1754	5385
1754	5386
1754	5387
1754	5388
1754	5389
1755	5390
1755	5391
1755	5392
1755	5393
1756	5394
1756	5395
1756	5396
1756	5397
1756	5398
1757	5399
1757	5400
1757	5401
1757	5402
1757	5403
1758	5404
1758	5405
1758	5406
1758	5407
1759	5408
1759	5409
1761	5410
1763	5411
1765	5412
1768	5413
1770	5414
1772	5415
1774	5416
1776	5417
1778	5418
1780	5419
1782	5420
1784	5421
1786	5422
1788	5423
1790	5424
1792	5425
1794	5426
1796	5427
1798	5428
1800	5429
1802	5430
1804	5431
1806	5432
1808	5433
1810	5434
1811	5435
1811	5436
1811	5437
1812	5438
1812	5439
1812	5440
1812	5441
1812	5442
1813	5443
1813	5444
1813	5445
1813	5446
1814	5447
1814	5448
1814	5449
1814	5450
1814	5451
1815	5452
1815	5453
1815	5454
1815	5455
1815	5456
1816	5457
1816	5458
1816	5459
1816	5460
1817	5461
1817	5462
1817	5463
1817	5464
1817	5465
1818	5466
1818	5467
1818	5468
1818	5469
1818	5470
1819	5471
1819	5472
1819	5473
1819	5474
1820	5475
1820	5476
1820	5477
1820	5478
1820	5479
1821	5480
1821	5481
1821	5482
1821	5483
1822	5484
1822	5485
1824	5486
1826	5487
1828	5488
1830	5489
1832	5490
1834	5491
1837	5492
1839	5493
1841	5494
1843	5495
1845	5496
1847	5497
1849	5498
1851	5499
1853	5500
1855	5501
1857	5502
1859	5503
1861	5504
1863	5505
1865	5506
1867	5507
1869	5508
1871	5509
1874	5510
1876	5511
1876	5512
1876	5513
1876	5514
1877	5515
1877	5516
1877	5517
1877	5518
1877	5519
1878	5520
1878	5521
1878	5522
1878	5523
1879	5524
1879	5525
1879	5526
1879	5527
1879	5528
1880	5529
1880	5530
1880	5531
1880	5532
1881	5533
1881	5534
1881	5535
1881	5536
1882	5537
1882	5538
1882	5539
1882	5540
1882	5541
1883	5542
1883	5543
1883	5544
1883	5545
1884	5546
1884	5547
1884	5548
1884	5549
1884	5550
1885	5551
1885	5552
1885	5553
1885	5554
1886	5555
1886	5556
1886	5557
1886	5558
1886	5559
1887	5560
1889	5561
1891	5562
1893	5563
1895	5564
1897	5565
1899	5566
1901	5567
1903	5568
1905	5569
1907	5570
1909	5571
1911	5572
1913	5573
1915	5574
1918	5575
1919	5576
1922	5577
1923	5578
1925	5579
1927	5580
1929	5581
1932	5582
1933	5583
1936	5584
1937	5585
1939	5586
1939	5587
1939	5588
1939	5589
1940	5590
1940	5591
1940	5592
1940	5593
1941	5594
1941	5595
1941	5596
1941	5597
1941	5598
1942	5599
1942	5600
1942	5601
1942	5602
1942	5603
1943	5604
1943	5605
1943	5606
1943	5607
1943	5608
1944	5609
1944	5610
1944	5611
1944	5612
1944	5613
1945	5614
1945	5615
1945	5616
1945	5617
1946	5618
1946	5619
1946	5620
1946	5621
1946	5622
1947	5623
1947	5624
1947	5625
1947	5626
1947	5627
1948	5628
1948	5629
1948	5630
1948	5631
1949	5632
1949	5633
1949	5634
1949	5635
1949	5636
1950	5637
1950	5638
1952	5639
1954	5640
1956	5641
1958	5642
1960	5643
1962	5644
1964	5645
1966	5646
1968	5647
1970	5648
1972	5649
1974	5650
1976	5651
1978	5652
1980	5653
1982	5654
1984	5655
1986	5656
1988	5657
1990	5658
1992	5659
1994	5660
1995	5661
1997	5662
2000	5663
2002	5664
2004	5665
2004	5666
2004	5667
2004	5668
2005	5669
2005	5670
2005	5671
2005	5672
2005	5673
2006	5674
2006	5675
2006	5676
2006	5677
2006	5678
2007	5679
2007	5680
2007	5681
2007	5682
2007	5683
2008	5684
2008	5685
2008	5686
2008	5687
2009	5688
2009	5689
2009	5690
2009	5691
2009	5692
2010	5693
2010	5694
2010	5695
2010	5696
2010	5697
2011	5698
2011	5699
2011	5700
2011	5701
2011	5702
2012	5703
2012	5704
2012	5705
2012	5706
2012	5707
2013	5708
2013	5709
2013	5710
2013	5711
2014	5712
2014	5713
2014	5714
2014	5715
2014	5716
2015	5717
2015	5718
2017	5719
2019	5720
2021	5721
2023	5722
2025	5723
2027	5724
2029	5725
2031	5726
2033	5727
2035	5728
2037	5729
2039	5730
2041	5731
2043	5732
2045	5733
2047	5734
2049	5735
2051	5736
2053	5737
2055	5738
2057	5739
2059	5740
2061	5741
2063	5742
2065	5743
2067	5744
2067	5745
2067	5746
2067	5747
2068	5748
2068	5749
2068	5750
2068	5751
2068	5752
2069	5753
2069	5754
2069	5755
2069	5756
2070	5757
2070	5758
2070	5759
2070	5760
2070	5761
2071	5762
2071	5763
2071	5764
2071	5765
2071	5766
2072	5767
2072	5768
2072	5769
2072	5770
2072	5771
2073	5772
2073	5773
2073	5774
2073	5775
2074	5776
2074	5777
2074	5778
2074	5779
2074	5780
2075	5781
2075	5782
2075	5783
2075	5784
2075	5785
2076	5786
2076	5787
2076	5788
2076	5789
2076	5790
2077	5791
2077	5792
2077	5793
2077	5794
2078	5795
2078	5796
2079	5797
2081	5798
2083	5799
2085	5800
2087	5801
2089	5802
2091	5803
2093	5804
2095	5805
2097	5806
2099	5807
2101	5808
2103	5809
2105	5810
2107	5811
2109	5812
2111	5813
2113	5814
2115	5815
2117	5816
2119	5817
2122	5818
2124	5819
2126	5820
2128	5821
2130	5822
2132	5823
2132	5824
2132	5825
2132	5826
2133	5827
2133	5828
2133	5829
2133	5830
2134	5831
2134	5832
2134	5833
2134	5834
2134	5835
2135	5836
2135	5837
2135	5838
2135	5839
2136	5840
2136	5841
2136	5842
2136	5843
2136	5844
2137	5845
2137	5846
2137	5847
2137	5848
2137	5849
2138	5850
2138	5851
2138	5852
2138	5853
2139	5854
2139	5855
2139	5856
2139	5857
2139	5858
2140	5859
2140	5860
2140	5861
2140	5862
2140	5863
2141	5864
2141	5865
2141	5866
2141	5867
2141	5868
2142	5869
2142	5870
2142	5871
2142	5872
2143	5873
2143	5874
2145	5875
2147	5876
2149	5877
2151	5878
2153	5879
2154	5880
2156	5881
2158	5882
2160	5883
2162	5884
2164	5885
2166	5886
2168	5887
2170	5888
2172	5889
2174	5890
2176	5891
2178	5892
2180	5893
2182	5894
2184	5895
2186	5896
2188	5897
2190	5898
2192	5899
2194	5900
2195	5901
2195	5902
2195	5903
2196	5904
2196	5905
2196	5906
2196	5907
2196	5908
2197	5909
2197	5910
2197	5911
2197	5912
2197	5913
2198	5914
2198	5915
2198	5916
2198	5917
2198	5918
2199	5919
2199	5920
2199	5921
2199	5922
2200	5923
2200	5924
2200	5925
2200	5926
2200	5927
2201	5928
2201	5929
2201	5930
2201	5931
2201	5932
2202	5933
2202	5934
2202	5935
2202	5936
2202	5937
2203	5938
2203	5939
2203	5940
2203	5941
2203	5942
2204	5943
2204	5944
2204	5945
2204	5946
2204	5947
2205	5948
2206	5949
2208	5950
2210	5951
2211	5952
2213	5953
2215	5954
2217	5955
2219	5956
2221	5957
2223	5958
2225	5959
2227	5960
2229	5961
2231	5962
2233	5963
2235	5964
2237	5965
2239	5966
2241	5967
2243	5968
2246	5969
2248	5970
2250	5971
2252	5972
2254	5973
2256	5974
2258	5975
2260	5976
2261	5977
2261	5978
2261	5979
2262	5980
2262	5981
2262	5982
2262	5983
2263	5984
2263	5985
2263	5986
2263	5987
2263	5988
2264	5989
2264	5990
2264	5991
2264	5992
2264	5993
2265	5994
2265	5995
2265	5996
2265	5997
2266	5998
2266	5999
2266	6000
2266	6001
2267	6002
2267	6003
2267	6004
2267	6005
2267	6006
2268	6007
2268	6008
2268	6009
2268	6010
2269	6011
2269	6012
2269	6013
2269	6014
2269	6015
2270	6016
2270	6017
2270	6018
2270	6019
2271	6020
2271	6021
2271	6022
2271	6023
2271	6024
2272	6025
2272	6026
2272	6027
2272	6028
2273	6029
2273	6030
2273	6031
2273	6032
2273	6033
2274	6034
2274	6035
2274	6036
2274	6037
2275	6038
2275	6039
2275	6040
2275	6041
2276	6042
2276	6043
2276	6044
2276	6045
2276	6046
2277	6047
2277	6048
2277	6049
2277	6050
2278	6051
2278	6052
2278	6053
2278	6054
2279	6055
2279	6056
2279	6057
2279	6058
2279	6059
2280	6060
2280	6061
2282	6062
2284	6063
2286	6064
2288	6065
2290	6066
2292	6067
2294	6068
2296	6069
2299	6070
2301	6071
2303	6072
2305	6073
2307	6074
2309	6075
2311	6076
2313	6077
2315	6078
2317	6079
2320	6080
2322	6081
2324	6082
2326	6083
2328	6084
2330	6085
2332	6086
2335	6087
2337	6088
2339	6089
2341	6090
2343	6091
2345	6092
2347	6093
2349	6094
2351	6095
2353	6096
2355	6097
2356	6098
2356	6099
2356	6100
2357	6101
2357	6102
2357	6103
2357	6104
2358	6105
2358	6106
2358	6107
2358	6108
2359	6109
2359	6110
2359	6111
2359	6112
2359	6113
2360	6114
2360	6115
2360	6116
2360	6117
2361	6118
2361	6119
2361	6120
2361	6121
2362	6122
2362	6123
2362	6124
2362	6125
2362	6126
2363	6127
2363	6128
2363	6129
2363	6130
2364	6131
2364	6132
2364	6133
2364	6134
2364	6135
2365	6136
2365	6137
2367	6138
2369	6139
2371	6140
2373	6141
2375	6142
2377	6143
2379	6144
2381	6145
2383	6146
2385	6147
2387	6148
2389	6149
2391	6150
2393	6151
2395	6152
2397	6153
2399	6154
2401	6155
2404	6156
2405	6157
2408	6158
2410	6159
2412	6160
2414	6161
2416	6162
2419	6163
2421	6164
2423	6165
2425	6166
2427	6167
2429	6168
2431	6169
2433	6170
2435	6171
2437	6172
2439	6173
2441	6174
2441	6175
2441	6176
2441	6177
2442	6178
2442	6179
2442	6180
2442	6181
2442	6182
2443	6183
2443	6184
2443	6185
2443	6186
2443	6187
2444	6188
2444	6189
2444	6190
2444	6191
2444	6192
2445	6193
2445	6194
2445	6195
2445	6196
2446	6197
2446	6198
2446	6199
2446	6200
2446	6201
2447	6202
2447	6203
2447	6204
2447	6205
2447	6206
2448	6207
2448	6208
2448	6209
2448	6210
2448	6211
2449	6212
2449	6213
2449	6214
2449	6215
2449	6216
2450	6217
2450	6218
2452	6219
2454	6220
2456	6221
2458	6222
2460	6223
2462	6224
2464	6225
2466	6226
2468	6227
2470	6228
2472	6229
2474	6230
2476	6231
2478	6232
2480	6233
2482	6234
2484	6235
2486	6236
2488	6237
2490	6238
2492	6239
2494	6240
2496	6241
2498	6242
2500	6243
2502	6244
2504	6245
2506	6246
2508	6247
2510	6248
2512	6249
2514	6250
2516	6251
2518	6252
2520	6253
2522	6254
2524	6255
2526	6256
2526	6257
2526	6258
2526	6259
2527	6260
2527	6261
2527	6262
2527	6263
2527	6264
2528	6265
2528	6266
2528	6267
2528	6268
2528	6269
2529	6270
2529	6271
2529	6272
2529	6273
2530	6274
2530	6275
2530	6276
2530	6277
2530	6278
2531	6279
2531	6280
2531	6281
2531	6282
2531	6283
2532	6284
2532	6285
2532	6286
2532	6287
2532	6288
2533	6289
2533	6290
2533	6291
2533	6292
2533	6293
2534	6294
2534	6295
2536	6296
2538	6297
2540	6298
2542	6299
2545	6300
2547	6301
2549	6302
2551	6303
2553	6304
2555	6305
2557	6306
2559	6307
2561	6308
2563	6309
2565	6310
2567	6311
2569	6312
2571	6313
2573	6314
2575	6315
2577	6316
2578	6317
2580	6318
2582	6319
2584	6320
2586	6321
2588	6322
2590	6323
2592	6324
2594	6325
2596	6326
2598	6327
2600	6328
2603	6329
2604	6330
2606	6331
2610	6332
2612	6333
2612	6334
2612	6335
2612	6336
2613	6337
2613	6338
2613	6339
2613	6340
2614	6341
2614	6342
2614	6343
2614	6344
2614	6345
2615	6346
2615	6347
2615	6348
2615	6349
2615	6350
2616	6351
2616	6352
2616	6353
2616	6354
2616	6355
2617	6356
2617	6357
2617	6358
2617	6359
2618	6360
2618	6361
2618	6362
2618	6363
2618	6364
2619	6365
2619	6366
2619	6367
2619	6368
2619	6369
2620	6370
2621	6371
2623	6372
2625	6373
2627	6374
2629	6375
2631	6376
2633	6377
2635	6378
2637	6379
2639	6380
2641	6381
2643	6382
2645	6383
2648	6384
2649	6385
2652	6386
2654	6387
2655	6388
2658	6389
2660	6390
2662	6391
2664	6392
2666	6393
2668	6394
2670	6395
2672	6396
2674	6397
2676	6398
2678	6399
2680	6400
2682	6401
2685	6402
2687	6403
2689	6404
2691	6405
2693	6406
2695	6407
2696	6408
2696	6409
2696	6410
2697	6411
2697	6412
2697	6413
2697	6414
2697	6415
2698	6416
2698	6417
2698	6418
2698	6419
2699	6420
2699	6421
2699	6422
2699	6423
2699	6424
2700	6425
2700	6426
2700	6427
2700	6428
2700	6429
2701	6430
2701	6431
2701	6432
2701	6433
2702	6434
2702	6435
2702	6436
2702	6437
2702	6438
2703	6439
2703	6440
2703	6441
2703	6442
2703	6443
2704	6444
2705	6445
2707	6446
2709	6447
2711	6448
2713	6449
2715	6450
2717	6451
2720	6452
2722	6453
2724	6454
2726	6455
2729	6456
2731	6457
2733	6458
2735	6459
2737	6460
2739	6461
2741	6462
2743	6463
2745	6464
2748	6465
2750	6466
2752	6467
2754	6468
2756	6469
2758	6470
2760	6471
2762	6472
2765	6473
2767	6474
2769	6475
2771	6476
2773	6477
2775	6478
2777	6479
2779	6480
2781	6481
2782	6482
2782	6483
2782	6484
2783	6485
2783	6486
2783	6487
2783	6488
2784	6489
2784	6490
2784	6491
2784	6492
2785	6493
2785	6494
2785	6495
2785	6496
2786	6497
2786	6498
2786	6499
2786	6500
2787	6501
2787	6502
2787	6503
2787	6504
2788	6505
2788	6506
2788	6507
2788	6508
2789	6509
2789	6510
2789	6511
2789	6512
2790	6513
2790	6514
2792	6515
2794	6516
2796	6517
2799	6518
2801	6519
2803	6520
2805	6521
2807	6522
2809	6523
2811	6524
2813	6525
2815	6526
2817	6527
2819	6528
2821	6529
2823	6530
2825	6531
2827	6532
2829	6533
2831	6534
2833	6535
2835	6536
2837	6537
2839	6538
2841	6539
2843	6540
2846	6541
2848	6542
2850	6543
2852	6544
2854	6545
2856	6546
2858	6547
2860	6548
2862	6549
2864	6550
2866	6551
2866	6552
2866	6553
2867	6554
2867	6555
2867	6556
2867	6557
2867	6558
2868	6559
2868	6560
2868	6561
2868	6562
2869	6563
2869	6564
2869	6565
2869	6566
2870	6567
2870	6568
2870	6569
2870	6570
2870	6571
2871	6572
2871	6573
2871	6574
2871	6575
2872	6576
2872	6577
2872	6578
2872	6579
2873	6580
2873	6581
2873	6582
2873	6583
2873	6584
2874	6585
2875	6586
2877	6587
2879	6588
2881	6589
2883	6590
2885	6591
2887	6592
2889	6593
2891	6594
2893	6595
2895	6596
2897	6597
2899	6598
2901	6599
2904	6600
2906	6601
2908	6602
2910	6603
2912	6604
2914	6605
2916	6606
2918	6607
2920	6608
2922	6609
2924	6610
2926	6611
2928	6612
2930	6613
2932	6614
2935	6615
2937	6616
2939	6617
2941	6618
2943	6619
2945	6620
2947	6621
2949	6622
2951	6623
2952	6624
2952	6625
2952	6626
2953	6627
2953	6628
2953	6629
2953	6630
2953	6631
2954	6632
2954	6633
2954	6634
2954	6635
2954	6636
2955	6637
2955	6638
2955	6639
2955	6640
2955	6641
2956	6642
2956	6643
2956	6644
2956	6645
2956	6646
2957	6647
2957	6648
2957	6649
2957	6650
2958	6651
2958	6652
2958	6653
2958	6654
2958	6655
2959	6656
2960	6657
2962	6658
2964	6659
2966	6660
2968	6661
2970	6662
2972	6663
2974	6664
2976	6665
2978	6666
2980	6667
2982	6668
2984	6669
2986	6670
2988	6671
2990	6672
2993	6673
2995	6674
2997	6675
2999	6676
3001	6677
3003	6678
3005	6679
3007	6680
3009	6681
3011	6682
3013	6683
3015	6684
3017	6685
3019	6686
3021	6687
3023	6688
3025	6689
3027	6690
3029	6691
3031	6692
3034	6693
3036	6694
3037	6695
3037	6696
3037	6697
3038	6698
3038	6699
3038	6700
3038	6701
3039	6702
3039	6703
3039	6704
3039	6705
3039	6706
3040	6707
3040	6708
3040	6709
3040	6710
3040	6711
3041	6712
3041	6713
3041	6714
3041	6715
3041	6716
3042	6717
3042	6718
3042	6719
3042	6720
3043	6721
3043	6722
3043	6723
3043	6724
3043	6725
3044	6726
3045	6727
3047	6728
3049	6729
3051	6730
3053	6731
3055	6732
3057	6733
3059	6734
3061	6735
3064	6736
3066	6737
3068	6738
3070	6739
3072	6740
3074	6741
3076	6742
3078	6743
3080	6744
3082	6745
3085	6746
3087	6747
3089	6748
3091	6749
3093	6750
3095	6751
3098	6752
3100	6753
3102	6754
3104	6755
3106	6756
3108	6757
3110	6758
3112	6759
3114	6760
3116	6761
3118	6762
3120	6763
3122	6764
3122	6765
3122	6766
3122	6767
3123	6768
3123	6769
3123	6770
3123	6771
3124	6772
3124	6773
3124	6774
3124	6775
3124	6776
3125	6777
3125	6778
3125	6779
3125	6780
3126	6781
3126	6782
3126	6783
3126	6784
3126	6785
3127	6786
3127	6787
3127	6788
3127	6789
3127	6790
3128	6791
3128	6792
3128	6793
3128	6794
3129	6795
3129	6796
3131	6797
3133	6798
3135	6799
3137	6800
3139	6801
3141	6802
3143	6803
3146	6804
3148	6805
3150	6806
3152	6807
3154	6808
3156	6809
3158	6810
3160	6811
3162	6812
3164	6813
3167	6814
3169	6815
3171	6816
3173	6817
3175	6818
3177	6819
3179	6820
3181	6821
3183	6822
3185	6823
3187	6824
3189	6825
3191	6826
3193	6827
3195	6828
3197	6829
3199	6830
3202	6831
3204	6832
3206	6833
3207	6834
3207	6835
3207	6836
3208	6837
3208	6838
3208	6839
3208	6840
3209	6841
3209	6842
3209	6843
3209	6844
3209	6845
3210	6846
3210	6847
3210	6848
3210	6849
3211	6850
3211	6851
3211	6852
3211	6853
3211	6854
3212	6855
3212	6856
3212	6857
3212	6858
3213	6859
3213	6860
3213	6861
3213	6862
3214	6863
3214	6864
3214	6865
3214	6866
3215	6867
3216	6868
3218	6869
3220	6870
3222	6871
3224	6872
3226	6873
3228	6874
3230	6875
3232	6876
3234	6877
3236	6878
3238	6879
3240	6880
3242	6881
3244	6882
3246	6883
3248	6884
3250	6885
3252	6886
3254	6887
3255	6888
3258	6889
3260	6890
3262	6891
3264	6892
3266	6893
3268	6894
3270	6895
3272	6896
3274	6897
3276	6898
3278	6899
3280	6900
3282	6901
3284	6902
3286	6903
3288	6904
3290	6905
3291	6906
3291	6907
3291	6908
3292	6909
3292	6910
3292	6911
3292	6912
3292	6913
3293	6914
3293	6915
3293	6916
3293	6917
3294	6918
3294	6919
3294	6920
3294	6921
3294	6922
3295	6923
3295	6924
3295	6925
3295	6926
3295	6927
3296	6928
3296	6929
3296	6930
3296	6931
3296	6932
3297	6933
3297	6934
3297	6935
3297	6936
3298	6937
3298	6938
3298	6939
3298	6940
3298	6941
3299	6942
3299	6943
3299	6944
3299	6945
3300	6946
3300	6947
3300	6948
3300	6949
3300	6950
3301	6951
3301	6952
3301	6953
3301	6954
3301	6955
3302	6956
3302	6957
3302	6958
3302	6959
3303	6960
3303	6961
3303	6962
3303	6963
3303	6964
3304	6965
3304	6966
3304	6967
3304	6968
3305	6969
3305	6970
3305	6971
3305	6972
3305	6973
3306	6974
3306	6975
3306	6976
3306	6977
3307	6978
3307	6979
3307	6980
3307	6981
3307	6982
3308	6983
3308	6984
3308	6985
3308	6986
3308	6987
3309	6988
3309	6989
3309	6990
3309	6991
3310	6992
3310	6993
3310	6994
3310	6995
3310	6996
3311	6997
3311	6998
3311	6999
3311	7000
3312	7001
3312	7002
3312	7003
3312	7004
3312	7005
3313	7006
3313	7007
3313	7008
3313	7009
3313	7010
3314	7011
3315	7012
3317	7013
3319	7014
3321	7015
3323	7016
3325	7017
3327	7018
3329	7019
3331	7020
3333	7021
3335	7022
3337	7023
3339	7024
3341	7025
3343	7026
3345	7027
3347	7028
3349	7029
3351	7030
3353	7031
3355	7032
3357	7033
3359	7034
3361	7035
3363	7036
3364	7037
3367	7038
3369	7039
3371	7040
3373	7041
3374	7042
3376	7043
3378	7044
3381	7045
3382	7046
3385	7047
3387	7048
3389	7049
3391	7050
3393	7051
3395	7052
3397	7053
3399	7054
3401	7055
3403	7056
3404	7057
3404	7058
3404	7059
3404	7060
3405	7061
3405	7062
3405	7063
3405	7064
3405	7065
3406	7066
3406	7067
3406	7068
3406	7069
3407	7070
3407	7071
3407	7072
3407	7073
3407	7074
3408	7075
3408	7076
3408	7077
3408	7078
3408	7079
3409	7080
3409	7081
3409	7082
3409	7083
3409	7084
3410	7085
3410	7086
3410	7087
3410	7088
3410	7089
3411	7090
3411	7091
3411	7092
3411	7093
3411	7094
3412	7095
3412	7096
3412	7097
3412	7098
3413	7099
3413	7100
3413	7101
3413	7102
3413	7103
3414	7104
3414	7105
3414	7106
3414	7107
3415	7108
3415	7109
3415	7110
3415	7111
3415	7112
3416	7113
3416	7114
3416	7115
3416	7116
3417	7117
3417	7118
3417	7119
3417	7120
3417	7121
3418	7122
3418	7123
3418	7124
3418	7125
3418	7126
3419	7127
3420	7128
3422	7129
3424	7130
3426	7131
3428	7132
3430	7133
3432	7134
3434	7135
3435	7136
3438	7137
3440	7138
3442	7139
3444	7140
3446	7141
3448	7142
3450	7143
3452	7144
3454	7145
3456	7146
3458	7147
3460	7148
3462	7149
3464	7150
3466	7151
3468	7152
3470	7153
3472	7154
3474	7155
3476	7156
3478	7157
3480	7158
3482	7159
3484	7160
3485	7161
3488	7162
3490	7163
3491	7164
3493	7165
3495	7166
3497	7167
3499	7168
3502	7169
3504	7170
3506	7171
3508	7172
3510	7173
3511	7174
3511	7175
3511	7176
3512	7177
3512	7178
3512	7179
3512	7180
3512	7181
3513	7182
3513	7183
3513	7184
3513	7185
3514	7186
3514	7187
3514	7188
3514	7189
3514	7190
3515	7191
3515	7192
3515	7193
3515	7194
3515	7195
3516	7196
3516	7197
3516	7198
3516	7199
3516	7200
3517	7201
3517	7202
3517	7203
3517	7204
3517	7205
3518	7206
3518	7207
3518	7208
3518	7209
3519	7210
3519	7211
3519	7212
3519	7213
3519	7214
3520	7215
3520	7216
3520	7217
3520	7218
3520	7219
3521	7220
3521	7221
3521	7222
3521	7223
3521	7224
3522	7225
3522	7226
3522	7227
3522	7228
3522	7229
3523	7230
3523	7231
3523	7232
3523	7233
3524	7234
3524	7235
3524	7236
3524	7237
3524	7238
3525	7239
3525	7240
3527	7241
3529	7242
3531	7243
3533	7244
3535	7245
3537	7246
3539	7247
3541	7248
3543	7249
3545	7250
3547	7251
3549	7252
3551	7253
3553	7254
3556	7255
3558	7256
3560	7257
3562	7258
3564	7259
3566	7260
3568	7261
3570	7262
3572	7263
3574	7264
3576	7265
3579	7266
3581	7267
3583	7268
3585	7269
3587	7270
3589	7271
3591	7272
3593	7273
3595	7274
3597	7275
3599	7276
3601	7277
3603	7278
3605	7279
3607	7280
3609	7281
3612	7282
3614	7283
3616	7284
3617	7285
3617	7286
3617	7287
3618	7288
3618	7289
3618	7290
3618	7291
3618	7292
3619	7293
3619	7294
3619	7295
3619	7296
3619	7297
3620	7298
3620	7299
3620	7300
3620	7301
3621	7302
3621	7303
3621	7304
3621	7305
3621	7306
3622	7307
3622	7308
3622	7309
3622	7310
3622	7311
3623	7312
3623	7313
3623	7314
3623	7315
3624	7316
3624	7317
3624	7318
3624	7319
3624	7320
3625	7321
3625	7322
3625	7323
3625	7324
3626	7325
3626	7326
3626	7327
3626	7328
3627	7329
3627	7330
3627	7331
3627	7332
3627	7333
3628	7334
3628	7335
3628	7336
3628	7337
3629	7338
3629	7339
3629	7340
3629	7341
3629	7342
3630	7343
3630	7344
3630	7345
3630	7346
3631	7347
3631	7348
3633	7349
3635	7350
3637	7351
3639	7352
3641	7353
3644	7354
3646	7355
3648	7356
3650	7357
3652	7358
3654	7359
3656	7360
3658	7361
3660	7362
3661	7363
3663	7364
3665	7365
3667	7366
3669	7367
3671	7368
3673	7369
3675	7370
3677	7371
3679	7372
3681	7373
3683	7374
3685	7375
3688	7376
3690	7377
3692	7378
3694	7379
3696	7380
3698	7381
3700	7382
3702	7383
3704	7384
3706	7385
3708	7386
3710	7387
3712	7388
3714	7389
3716	7390
3718	7391
3720	7392
3722	7393
3723	7394
3723	7395
3723	7396
3724	7397
3724	7398
3724	7399
3724	7400
3725	7401
3725	7402
3725	7403
3725	7404
3725	7405
3726	7406
3726	7407
3726	7408
3726	7409
3726	7410
3727	7411
3727	7412
3727	7413
3727	7414
3728	7415
3728	7416
3728	7417
3728	7418
3728	7419
3729	7420
3729	7421
3729	7422
3729	7423
3729	7424
3730	7425
3730	7426
3730	7427
3730	7428
3731	7429
3731	7430
3731	7431
3731	7432
3731	7433
3732	7434
3732	7435
3732	7436
3732	7437
3732	7438
3733	7439
3733	7440
3733	7441
3733	7442
3734	7443
3734	7444
3734	7445
3734	7446
3734	7447
3735	7448
3735	7449
3735	7450
3735	7451
3735	7452
3736	7453
3736	7454
3736	7455
3736	7456
3737	7457
3737	7458
3740	7459
3742	7460
3744	7461
3746	7462
3747	7463
3750	7464
3752	7465
3754	7466
3756	7467
3758	7468
3760	7469
3762	7470
3764	7471
3766	7472
3768	7473
3770	7474
3772	7475
3774	7476
3776	7477
3778	7478
3780	7479
3782	7480
3784	7481
3785	7482
3787	7483
3789	7484
3791	7485
3793	7486
3795	7487
3797	7488
3799	7489
3801	7490
3803	7491
3805	7492
3807	7493
3809	7494
3811	7495
3813	7496
3815	7497
3817	7498
3819	7499
3821	7500
3823	7501
3825	7502
3827	7503
3829	7504
3829	7505
3829	7506
3829	7507
3830	7508
3830	7509
3830	7510
3830	7511
3830	7512
3831	7513
3831	7514
3831	7515
3831	7516
3832	7517
3832	7518
3832	7519
3832	7520
3832	7521
3833	7522
3833	7523
3833	7524
3833	7525
3833	7526
3834	7527
3834	7528
3834	7529
3834	7530
3834	7531
3835	7532
3835	7533
3835	7534
3835	7535
3836	7536
3836	7537
3836	7538
3836	7539
3836	7540
3837	7541
3837	7542
3837	7543
3837	7544
3837	7545
3838	7546
3838	7547
3838	7548
3838	7549
3838	7550
3839	7551
3839	7552
3839	7553
3839	7554
3839	7555
3840	7556
3840	7557
3840	7558
3840	7559
3841	7560
3841	7561
3841	7562
3841	7563
3841	7564
3842	7565
3842	7566
3842	7567
3842	7568
3842	7569
3843	7570
3843	7571
3845	7572
3847	7573
3848	7574
3850	7575
3852	7576
3854	7577
3856	7578
3858	7579
3860	7580
3862	7581
3864	7582
3866	7583
3868	7584
3870	7585
3872	7586
3874	7587
3876	7588
3878	7589
3880	7590
3882	7591
3884	7592
3886	7593
3888	7594
3890	7595
3892	7596
3894	7597
3896	7598
3898	7599
3900	7600
3902	7601
3904	7602
3906	7603
3908	7604
3910	7605
3912	7606
3914	7607
3916	7608
3917	7609
3919	7610
3922	7611
3924	7612
3926	7613
3928	7614
3930	7615
3932	7616
3934	7617
3935	7618
3935	7619
3935	7620
3936	7621
3936	7622
3936	7623
3936	7624
3936	7625
3937	7626
3937	7627
3937	7628
3937	7629
3937	7630
3938	7631
3938	7632
3938	7633
3938	7634
3938	7635
3939	7636
3939	7637
3939	7638
3939	7639
3940	7640
3940	7641
3940	7642
3940	7643
3940	7644
3941	7645
3941	7646
3941	7647
3941	7648
3941	7649
3942	7650
3942	7651
3942	7652
3942	7653
3942	7654
3943	7655
3943	7656
3943	7657
3943	7658
3943	7659
3944	7660
3944	7661
3944	7662
3944	7663
3944	7664
3945	7665
3945	7666
3945	7667
3945	7668
3946	7669
3946	7670
3946	7671
3946	7672
3946	7673
3947	7674
3947	7675
3947	7676
3947	7677
3947	7678
3948	7679
3948	7680
3948	7681
3948	7682
3948	7683
3949	7684
3949	7685
3951	7686
3953	7687
3955	7688
3957	7689
3959	7690
3961	7691
3963	7692
3965	7693
3967	7694
3969	7695
3971	7696
3973	7697
3975	7698
3977	7699
3979	7700
3981	7701
3983	7702
3985	7703
3988	7704
3990	7705
3992	7706
3994	7707
3996	7708
3998	7709
4000	7710
4004	7711
4008	7712
4013	7713
4015	7714
4017	7715
4019	7716
4021	7717
4023	7718
4025	7719
4028	7720
4030	7721
4032	7722
4034	7723
4036	7724
4038	7725
4040	7726
4041	7727
4041	7728
4041	7729
4042	7730
4042	7731
4042	7732
4042	7733
4042	7734
4043	7735
4043	7736
4043	7737
4043	7738
4043	7739
4044	7740
4044	7741
4044	7742
4044	7743
4045	7744
4045	7745
4045	7746
4045	7747
4045	7748
4046	7749
4046	7750
4046	7751
4046	7752
4047	7753
4047	7754
4047	7755
4047	7756
4047	7757
4048	7758
4048	7759
4048	7760
4048	7761
4048	7762
4049	7763
4049	7764
4049	7765
4049	7766
4049	7767
4050	7768
4050	7769
4050	7770
4050	7771
4050	7772
4051	7773
4051	7774
4051	7775
4051	7776
4052	7777
4052	7778
4052	7779
4052	7780
4052	7781
4053	7782
4053	7783
4053	7784
4053	7785
4053	7786
4054	7787
4055	7788
4057	7789
4059	7790
4061	7791
4063	7792
4065	7793
4067	7794
4069	7795
4071	7796
4073	7797
4075	7798
4077	7799
4079	7800
4081	7801
4083	7802
4085	7803
4087	7804
4089	7805
4091	7806
4093	7807
4095	7808
4097	7809
4099	7810
4101	7811
4103	7812
4105	7813
4107	7814
4109	7815
4111	7816
4113	7817
4115	7818
4117	7819
4119	7820
4121	7821
4123	7822
4125	7823
4127	7824
4129	7825
4131	7826
4133	7827
4135	7828
4137	7829
4139	7830
4141	7831
4143	7832
4145	7833
4147	7834
4148	7835
4148	7836
4148	7837
4149	7838
4149	7839
4149	7840
4149	7841
4149	7842
4150	7843
4150	7844
4150	7845
4150	7846
4150	7847
4151	7848
4151	7849
4151	7850
4151	7851
4152	7852
4152	7853
4152	7854
4152	7855
4152	7856
4153	7857
4153	7858
4153	7859
4153	7860
4154	7861
4154	7862
4154	7863
4154	7864
4154	7865
4155	7866
4155	7867
4155	7868
4155	7869
4155	7870
4156	7871
4156	7872
4156	7873
4156	7874
4156	7875
4157	7876
4157	7877
4157	7878
4157	7879
4158	7880
4158	7881
4158	7882
4158	7883
4158	7884
4159	7885
4159	7886
4159	7887
4159	7888
4160	7889
4160	7890
4160	7891
4160	7892
4160	7893
4161	7894
4161	7895
4161	7896
4161	7897
4162	7898
4162	7899
4162	7900
4162	7901
4162	7902
4163	7903
4163	7904
4163	7905
4163	7906
4164	7907
4164	7908
4164	7909
4164	7910
4164	7911
4165	7912
4165	7913
4165	7914
4165	7915
4166	7916
4166	7917
4166	7918
4166	7919
4166	7920
4167	7921
4167	7922
4167	7923
4167	7924
4167	7925
4168	7926
4168	7927
4168	7928
4168	7929
4169	7930
4169	7931
4169	7932
4169	7933
4170	7934
4170	7935
4172	7936
4174	7937
4176	7938
4178	7939
4180	7940
4182	7941
4184	7942
4186	7943
4188	7944
4190	7945
4192	7946
4194	7947
4196	7948
4198	7949
4200	7950
4202	7951
4204	7952
4206	7953
4208	7954
4210	7955
4212	7956
4214	7957
4216	7958
4218	7959
4220	7960
4223	7961
4225	7962
4227	7963
4229	7964
4231	7965
4233	7966
4235	7967
4237	7968
4239	7969
4241	7970
4243	7971
4245	7972
4247	7973
4249	7974
4251	7975
4253	7976
4255	7977
4256	7978
4258	7979
4260	7980
4262	7981
4264	7982
4266	7983
4268	7984
4270	7985
4272	7986
4274	7987
4276	7988
4278	7989
4280	7990
4282	7991
4284	7992
4286	7993
4286	7994
4286	7995
4287	7996
4287	7997
4287	7998
4287	7999
4287	8000
4288	8001
4288	8002
4288	8003
4288	8004
4289	8005
4289	8006
4289	8007
4289	8008
4289	8009
4290	8010
4290	8011
4290	8012
4290	8013
4290	8014
4291	8015
4291	8016
4291	8017
4291	8018
4291	8019
4292	8020
4292	8021
4292	8022
4292	8023
4292	8024
4293	8025
4293	8026
4293	8027
4293	8028
4294	8029
4294	8030
4294	8031
4294	8032
4294	8033
4295	8034
4295	8035
4295	8036
4295	8037
4295	8038
4296	8039
4296	8040
4296	8041
4296	8042
4296	8043
4297	8044
4297	8045
4297	8046
4297	8047
4297	8048
4298	8049
4299	8050
4301	8051
4303	8052
4305	8053
4307	8054
4309	8055
4311	8056
4313	8057
4315	8058
4317	8059
4319	8060
4321	8061
4323	8062
4325	8063
4327	8064
4329	8065
4331	8066
4333	8067
4335	8068
4337	8069
4339	8070
4341	8071
4343	8072
4345	8073
4347	8074
4349	8075
4352	8076
4353	8077
4356	8078
4358	8079
4360	8080
4362	8081
4364	8082
4366	8083
4368	8084
4370	8085
4372	8086
4374	8087
4376	8088
4378	8089
4380	8090
4382	8091
4384	8092
4385	8093
4387	8094
4389	8095
4391	8096
4393	8097
4395	8098
4397	8099
4399	8100
4402	8101
4404	8102
4406	8103
4408	8104
4410	8105
4412	8106
4412	8107
4412	8108
4412	8109
4413	8110
4413	8111
4413	8112
4413	8113
4414	8114
4414	8115
4414	8116
4414	8117
4414	8118
4415	8119
4415	8120
4415	8121
4415	8122
4416	8123
4416	8124
4416	8125
4416	8126
4416	8127
4417	8128
4417	8129
4417	8130
4417	8131
4417	8132
4418	8133
4418	8134
4418	8135
4418	8136
4419	8137
4419	8138
4419	8139
4419	8140
4419	8141
4420	8142
4420	8143
4420	8144
4420	8145
4421	8146
4421	8147
4421	8148
4421	8149
4421	8150
4422	8151
4422	8152
4422	8153
4422	8154
4422	8155
4423	8156
4423	8157
4423	8158
4423	8159
4423	8160
4424	8161
4424	8162
4426	8163
4429	8164
4431	8165
4433	8166
4435	8167
4437	8168
4439	8169
4441	8170
4443	8171
4445	8172
4447	8173
4449	8174
4451	8175
4453	8176
4455	8177
4457	8178
4459	8179
4461	8180
4464	8181
4466	8182
4468	8183
4470	8184
4472	8185
4474	8186
4476	8187
4478	8188
4480	8189
4482	8190
4484	8191
4486	8192
4488	8193
4490	8194
4492	8195
4494	8196
4496	8197
4498	8198
4500	8199
4502	8200
4504	8201
4506	8202
4508	8203
4510	8204
4512	8205
4514	8206
4516	8207
4518	8208
4520	8209
4522	8210
4524	8211
4526	8212
4528	8213
4530	8214
4532	8215
4534	8216
4536	8217
4538	8218
4540	8219
4540	8220
4540	8221
4540	8222
4541	8223
4541	8224
4541	8225
4541	8226
4542	8227
4542	8228
4542	8229
4542	8230
4542	8231
4543	8232
4543	8233
4543	8234
4543	8235
4543	8236
4544	8237
4544	8238
4544	8239
4544	8240
4544	8241
4545	8242
4545	8243
4545	8244
4545	8245
4545	8246
4546	8247
4546	8248
4546	8249
4546	8250
4546	8251
4547	8252
4547	8253
4547	8254
4547	8255
4548	8256
4548	8257
4548	8258
4548	8259
4548	8260
4549	8261
4549	8262
4549	8263
4549	8264
4549	8265
4550	8266
4550	8267
4550	8268
4550	8269
4550	8270
4551	8271
4551	8272
4551	8273
4551	8274
4551	8275
4552	8276
4553	8277
4555	8278
4557	8279
4559	8280
4561	8281
4563	8282
4565	8283
4567	8284
4569	8285
4571	8286
4573	8287
4575	8288
4577	8289
4578	8290
4581	8291
4583	8292
4585	8293
4587	8294
4589	8295
4591	8296
4593	8297
4595	8298
4597	8299
4599	8300
4601	8301
4603	8302
4605	8303
4607	8304
4609	8305
4611	8306
4613	8307
4615	8308
4617	8309
4619	8310
4621	8311
4623	8312
4625	8313
4627	8314
4629	8315
4631	8316
4633	8317
4635	8318
4636	8319
4638	8320
4640	8321
4643	8322
4645	8323
4647	8324
4649	8325
4651	8326
4653	8327
4655	8328
4657	8329
4659	8330
4661	8331
4663	8332
4665	8333
4666	8334
4666	8335
4666	8336
4666	8337
4667	8338
4667	8339
4667	8340
4667	8341
4668	8342
4668	8343
4668	8344
4668	8345
4669	8346
4669	8347
4669	8348
4669	8349
4669	8350
4670	8351
4670	8352
4670	8353
4670	8354
4670	8355
4671	8356
4671	8357
4671	8358
4671	8359
4671	8360
4672	8361
4672	8362
4672	8363
4672	8364
4673	8365
4673	8366
4673	8367
4673	8368
4673	8369
4674	8370
4674	8371
4674	8372
4674	8373
4675	8374
4675	8375
4675	8376
4675	8377
4675	8378
4676	8379
4676	8380
4676	8381
4676	8382
4676	8383
4677	8384
4677	8385
4677	8386
4677	8387
4678	8388
4678	8389
4680	8390
4682	8391
4683	8392
4685	8393
4687	8394
4690	8395
4691	8396
4693	8397
4695	8398
4697	8399
4699	8400
4701	8401
4703	8402
4705	8403
4707	8404
4709	8405
4712	8406
4714	8407
4716	8408
4718	8409
4720	8410
4722	8411
4724	8412
4726	8413
4728	8414
4730	8415
4732	8416
4734	8417
4736	8418
4738	8419
4740	8420
4742	8421
4744	8422
4746	8423
4748	8424
4750	8425
4752	8426
4754	8427
4756	8428
4757	8429
4760	8430
4762	8431
4764	8432
4766	8433
4768	8434
4770	8435
4772	8436
4774	8437
4776	8438
4778	8439
4780	8440
4782	8441
4784	8442
4785	8443
4788	8444
4790	8445
4791	8446
4793	8447
4794	8448
4794	8449
4794	8450
4795	8451
4795	8452
4795	8453
4795	8454
4796	8455
4796	8456
4796	8457
4796	8458
4796	8459
4797	8460
4797	8461
4797	8462
4797	8463
4798	8464
4798	8465
4798	8466
4798	8467
4798	8468
4799	8469
4799	8470
4799	8471
4799	8472
4799	8473
4800	8474
4800	8475
4800	8476
4800	8477
4800	8478
4801	8479
4801	8480
4801	8481
4801	8482
4801	8483
4802	8484
4802	8485
4802	8486
4802	8487
4803	8488
4803	8489
4803	8490
4803	8491
4803	8492
4804	8493
4804	8494
4804	8495
4804	8496
4804	8497
4805	8498
4805	8499
4805	8500
4805	8501
4805	8502
4806	8503
4806	8504
4808	8505
4810	8506
4812	8507
4814	8508
4816	8509
4818	8510
4820	8511
4822	8512
4824	8513
4826	8514
4829	8515
4830	8516
4833	8517
4835	8518
4837	8519
4839	8520
4841	8521
4843	8522
4845	8523
4847	8524
4849	8525
4851	8526
4853	8527
4855	8528
4857	8529
4859	8530
4861	8531
4863	8532
4865	8533
4867	8534
4869	8535
4872	8536
4874	8537
4876	8538
4878	8539
4880	8540
4882	8541
4884	8542
4886	8543
4888	8544
4890	8545
4893	8546
4895	8547
4897	8548
4899	8549
4901	8550
4903	8551
4905	8552
4908	8553
4910	8554
4912	8555
4914	8556
4916	8557
4918	8558
4920	8559
4920	8560
4920	8561
4920	8562
4921	8563
4921	8564
4921	8565
4921	8566
4922	8567
4922	8568
4922	8569
4922	8570
4922	8571
4923	8572
4923	8573
4923	8574
4923	8575
4924	8576
4924	8577
4924	8578
4924	8579
4925	8580
4925	8581
4925	8582
4925	8583
4925	8584
4926	8585
4926	8586
4926	8587
4926	8588
4926	8589
4927	8590
4927	8591
4927	8592
4927	8593
4927	8594
4928	8595
4928	8596
4928	8597
4928	8598
4929	8599
4929	8600
4929	8601
4929	8602
4929	8603
4930	8604
4930	8605
4930	8606
4930	8607
4930	8608
4931	8609
4931	8610
4933	8611
4935	8612
4937	8613
4939	8614
4941	8615
4943	8616
4945	8617
4947	8618
4949	8619
4951	8620
4954	8621
4956	8622
4958	8623
4960	8624
4962	8625
4964	8626
4966	8627
4968	8628
4970	8629
4972	8630
4974	8631
4976	8632
4978	8633
4980	8634
4982	8635
4984	8636
4986	8637
4988	8638
4990	8639
4992	8640
4994	8641
4996	8642
4998	8643
5001	8644
5003	8645
5005	8646
5007	8647
5009	8648
5011	8649
5013	8650
5015	8651
5017	8652
5019	8653
5021	8654
5023	8655
5025	8656
5027	8657
5029	8658
5031	8659
5033	8660
5035	8661
5037	8662
5039	8663
5041	8664
5043	8665
5045	8666
5047	8667
5049	8668
5049	8669
5049	8670
5049	8671
5050	8672
5050	8673
5050	8674
5050	8675
5050	8676
5051	8677
5051	8678
5051	8679
5051	8680
5051	8681
5052	8682
5052	8683
5052	8684
5052	8685
5053	8686
5053	8687
5053	8688
5053	8689
5053	8690
5054	8691
5054	8692
5054	8693
5054	8694
5054	8695
5055	8696
5055	8697
5055	8698
5055	8699
5055	8700
5056	8701
5056	8702
5056	8703
5056	8704
5056	8705
5057	8706
5057	8707
5057	8708
5057	8709
5057	8710
5058	8711
5058	8712
5058	8713
5058	8714
5059	8715
5059	8716
5059	8717
5059	8718
5059	8719
5060	8720
5060	8721
5062	8722
5064	8723
5066	8724
5068	8725
5070	8726
5072	8727
5074	8728
5076	8729
5078	8730
5080	8731
5082	8732
5084	8733
5086	8734
5087	8735
5089	8736
5091	8737
5093	8738
5095	8739
5097	8740
5099	8741
5101	8742
5103	8743
5105	8744
5107	8745
5109	8746
5111	8747
5113	8748
5115	8749
5117	8750
5119	8751
5121	8752
5123	8753
5125	8754
5127	8755
5129	8756
5131	8757
5133	8758
5135	8759
5137	8760
5139	8761
5141	8762
5143	8763
5145	8764
5147	8765
5149	8766
5151	8767
5153	8768
5155	8769
5157	8770
5159	8771
5161	8772
5163	8773
5165	8774
5167	8775
5169	8776
5171	8777
5173	8778
5174	8779
5174	8780
5174	8781
5175	8782
5175	8783
5175	8784
5175	8785
5175	8786
5176	8787
5176	8788
5176	8789
5176	8790
5177	8791
5177	8792
5177	8793
5177	8794
5177	8795
5178	8796
5178	8797
5178	8798
5178	8799
5179	8800
5179	8801
5179	8802
5179	8803
5179	8804
5180	8805
5180	8806
5180	8807
5180	8808
5180	8809
5181	8810
5181	8811
5181	8812
5181	8813
5182	8814
5182	8815
5182	8816
5182	8817
5182	8818
5183	8819
5183	8820
5183	8821
5183	8822
5184	8823
5184	8824
5184	8825
5184	8826
5184	8827
5185	8828
5185	8829
5185	8830
5185	8831
5186	8832
5186	8833
5188	8834
5190	8835
5192	8836
5194	8837
5196	8838
5198	8839
5200	8840
5202	8841
5204	8842
5206	8843
5208	8844
5210	8845
5212	8846
5214	8847
5216	8848
5218	8849
5220	8850
5222	8851
5224	8852
5226	8853
5228	8854
5230	8855
5232	8856
5234	8857
5236	8858
5238	8859
5239	8860
5241	8861
5243	8862
5245	8863
5247	8864
5249	8865
5251	8866
5253	8867
5255	8868
5257	8869
5259	8870
5262	8871
5264	8872
5266	8873
5268	8874
5270	8875
5272	8876
5274	8877
5276	8878
5278	8879
5280	8880
5282	8881
5284	8882
5286	8883
5288	8884
5290	8885
5292	8886
5294	8887
5296	8888
5298	8889
5301	8890
5302	8891
5302	8892
5302	8893
5303	8894
5303	8895
5303	8896
5303	8897
5303	8898
5304	8899
5304	8900
5304	8901
5304	8902
5305	8903
5305	8904
5305	8905
5305	8906
5305	8907
5306	8908
5306	8909
5306	8910
5306	8911
5306	8912
5307	8913
5307	8914
5307	8915
5307	8916
5308	8917
5308	8918
5308	8919
5308	8920
5308	8921
5309	8922
5309	8923
5309	8924
5309	8925
5309	8926
5310	8927
5310	8928
5310	8929
5310	8930
5311	8931
5311	8932
5311	8933
5311	8934
5311	8935
5312	8936
5312	8937
5312	8938
5312	8939
5313	8940
5313	8941
5315	8942
5317	8943
5319	8944
5321	8945
5323	8946
5325	8947
5327	8948
5329	8949
5331	8950
5333	8951
5335	8952
5337	8953
5339	8954
5341	8955
5343	8956
5345	8957
5347	8958
5349	8959
5351	8960
5353	8961
5355	8962
5357	8963
5359	8964
5362	8965
5364	8966
5366	8967
5367	8968
5370	8969
5372	8970
5374	8971
5376	8972
5378	8973
5380	8974
5381	8975
5383	8976
5385	8977
5387	8978
5389	8979
5391	8980
5393	8981
5395	8982
5397	8983
5399	8984
5401	8985
5403	8986
5405	8987
5407	8988
5409	8989
5411	8990
5413	8991
5415	8992
5417	8993
5419	8994
5421	8995
5423	8996
5425	8997
5427	8998
5429	8999
5429	9000
5429	9001
5429	9002
5430	9003
5430	9004
5430	9005
5430	9006
5431	9007
5431	9008
5431	9009
5431	9010
5431	9011
5432	9012
5432	9013
5432	9014
5432	9015
5433	9016
5433	9017
5433	9018
5433	9019
5434	9020
5434	9021
5434	9022
5434	9023
5434	9024
5435	9025
5435	9026
5435	9027
5435	9028
5436	9029
5436	9030
5436	9031
5436	9032
5436	9033
5437	9034
5437	9035
5437	9036
5437	9037
5438	9038
5438	9039
5438	9040
5438	9041
5438	9042
5439	9043
5439	9044
5439	9045
5439	9046
5440	9047
5440	9048
5442	9049
5444	9050
5446	9051
5448	9052
5449	9053
5451	9054
5454	9055
5456	9056
5458	9057
5460	9058
5461	9059
5463	9060
5465	9061
5467	9062
5469	9063
5471	9064
5473	9065
5475	9066
5477	9067
5479	9068
5481	9069
5483	9070
5485	9071
5487	9072
5490	9073
5492	9074
5494	9075
5496	9076
5498	9077
5500	9078
5502	9079
5504	9080
5506	9081
5508	9082
5510	9083
5512	9084
5514	9085
5516	9086
5518	9087
5520	9088
5522	9089
5524	9090
5526	9091
5527	9092
5529	9093
5532	9094
5533	9095
5535	9096
5537	9097
5539	9098
5541	9099
5543	9100
5545	9101
5547	9102
5549	9103
5551	9104
5553	9105
5555	9106
5556	9107
5556	9108
5556	9109
5557	9110
5557	9111
5557	9112
5557	9113
5558	9114
5558	9115
5558	9116
5558	9117
5558	9118
5559	9119
5559	9120
5559	9121
5559	9122
5559	9123
5560	9124
5560	9125
5560	9126
5560	9127
5561	9128
5561	9129
5561	9130
5561	9131
5561	9132
5562	9133
5562	9134
5562	9135
5562	9136
5562	9137
5563	9138
5563	9139
5563	9140
5563	9141
5564	9142
5564	9143
5564	9144
5564	9145
5564	9146
5565	9147
5565	9148
5565	9149
5565	9150
5565	9151
5566	9152
5566	9153
5566	9154
5566	9155
5567	9156
5567	9157
5568	9158
5570	9159
5572	9160
5574	9161
5576	9162
5578	9163
5580	9164
5582	9165
5584	9166
5586	9167
5588	9168
5590	9169
5592	9170
5594	9171
5596	9172
5598	9173
5600	9174
5602	9175
5604	9176
5606	9177
5608	9178
5610	9179
5612	9180
5614	9181
5616	9182
5618	9183
5620	9184
5622	9185
5624	9186
5626	9187
5628	9188
5630	9189
5632	9190
5634	9191
5636	9192
5638	9193
5640	9194
5642	9195
5644	9196
5646	9197
5648	9198
5650	9199
5652	9200
5654	9201
5656	9202
5658	9203
5660	9204
5663	9205
5665	9206
5667	9207
5669	9208
5671	9209
5673	9210
5675	9211
5677	9212
5679	9213
5681	9214
5683	9215
5683	9216
5683	9217
5684	9218
5684	9219
5684	9220
5684	9221
5685	9222
5685	9223
5685	9224
5685	9225
5686	9226
5686	9227
5686	9228
5686	9229
5687	9230
5687	9231
5687	9232
5687	9233
5687	9234
5688	9235
5688	9236
5688	9237
5688	9238
5689	9239
5689	9240
5689	9241
5689	9242
5690	9243
5690	9244
5690	9245
5690	9246
5691	9247
5691	9248
5691	9249
5691	9250
5692	9251
5692	9252
5692	9253
5692	9254
5693	9255
5693	9256
5693	9257
5693	9258
5694	9259
5694	9260
5694	9261
5694	9262
5694	9263
5695	9264
5695	9265
5695	9266
5695	9267
5696	9268
5696	9269
5696	9270
5696	9271
5696	9272
5697	9273
5697	9274
5697	9275
5697	9276
5697	9277
5698	9278
5698	9279
5698	9280
5698	9281
5699	9282
5699	9283
5699	9284
5699	9285
5699	9286
5700	9287
5700	9288
5700	9289
5700	9290
5701	9291
5701	9292
5701	9293
5701	9294
5701	9295
5702	9296
5702	9297
5702	9298
5702	9299
5703	9300
5703	9301
5705	9302
5707	9303
5709	9304
5711	9305
5713	9306
5715	9307
5717	9308
5719	9309
5721	9310
5723	9311
5726	9312
5728	9313
5730	9314
5732	9315
5734	9316
5736	9317
5738	9318
5740	9319
5742	9320
5744	9321
5747	9322
5749	9323
5751	9324
5753	9325
5755	9326
5757	9327
5759	9328
5761	9329
5763	9330
5765	9331
5767	9332
5769	9333
5771	9334
5773	9335
5775	9336
5777	9337
5780	9338
5782	9339
5784	9340
5786	9341
5788	9342
5790	9343
5792	9344
5794	9345
5796	9346
5798	9347
5800	9348
5802	9349
5804	9350
5806	9351
5808	9352
5810	9353
5812	9354
5814	9355
5816	9356
5818	9357
5820	9358
5821	9359
5823	9360
5825	9361
5827	9362
5829	9363
5831	9364
5833	9365
5835	9366
5837	9367
5839	9368
5841	9369
5843	9370
5843	9371
5843	9372
5843	9373
5844	9374
5844	9375
5844	9376
5844	9377
5845	9378
5845	9379
5845	9380
5845	9381
5845	9382
5846	9383
5846	9384
5846	9385
5846	9386
5847	9387
5847	9388
5847	9389
5847	9390
5847	9391
5848	9392
5848	9393
5848	9394
5848	9395
5848	9396
5849	9397
5849	9398
5849	9399
5849	9400
5850	9401
5850	9402
5850	9403
5850	9404
5850	9405
5851	9406
5851	9407
5851	9408
5851	9409
5851	9410
5852	9411
5852	9412
5854	9413
5856	9414
5858	9415
5860	9416
5862	9417
5864	9418
5866	9419
5868	9420
5870	9421
5872	9422
5874	9423
5875	9424
5877	9425
5879	9426
5881	9427
5883	9428
5885	9429
5887	9430
5889	9431
5891	9432
5893	9433
5895	9434
5897	9435
5899	9436
5901	9437
5903	9438
5905	9439
5908	9440
5910	9441
5912	9442
5914	9443
5916	9444
5918	9445
5919	9446
5921	9447
5923	9448
5925	9449
5927	9450
5929	9451
5931	9452
5933	9453
5935	9454
5937	9455
5939	9456
5941	9457
5943	9458
5945	9459
5947	9460
5949	9461
5951	9462
5953	9463
5955	9464
5957	9465
5959	9466
5961	9467
5963	9468
5965	9469
5967	9470
5969	9471
5971	9472
5973	9473
5975	9474
5977	9475
5979	9476
5981	9477
5983	9478
5985	9479
5987	9480
5989	9481
5990	9482
5990	9483
5990	9484
5991	9485
5991	9486
5991	9487
5991	9488
5991	9489
5992	9490
5992	9491
5992	9492
5992	9493
5992	9494
5993	9495
5993	9496
5993	9497
5993	9498
5993	9499
5994	9500
5994	9501
5994	9502
5994	9503
5994	9504
5995	9505
5995	9506
5995	9507
5995	9508
5995	9509
5996	9510
5996	9511
5996	9512
5996	9513
5996	9514
5997	9515
5997	9516
5997	9517
5997	9518
5998	9519
5998	9520
5998	9521
5998	9522
5998	9523
5999	9524
5999	9525
6000	9526
6002	9527
6004	9528
6006	9529
6008	9530
6010	9531
6012	9532
6014	9533
6016	9534
6018	9535
6020	9536
6022	9537
6024	9538
6026	9539
6028	9540
6030	9541
6033	9542
6035	9543
6037	9544
6039	9545
6041	9546
6043	9547
6045	9548
6047	9549
6049	9550
6051	9551
6053	9552
6055	9553
6056	9554
6058	9555
6060	9556
6062	9557
6064	9558
6066	9559
6068	9560
6070	9561
6072	9562
6074	9563
6076	9564
6078	9565
6080	9566
6082	9567
6084	9568
6086	9569
6088	9570
6090	9571
6092	9572
6094	9573
6096	9574
6098	9575
6101	9576
6103	9577
6104	9578
6107	9579
6109	9580
6111	9581
6113	9582
6115	9583
6117	9584
6119	9585
6121	9586
6123	9587
6125	9588
6127	9589
6129	9590
6131	9591
6133	9592
6135	9593
6137	9594
6139	9595
6139	9596
6139	9597
6140	9598
6140	9599
6140	9600
6140	9601
6140	9602
6141	9603
6141	9604
6141	9605
6141	9606
6142	9607
6142	9608
6142	9609
6142	9610
6143	9611
6143	9612
6143	9613
6143	9614
6143	9615
6144	9616
6144	9617
6144	9618
6144	9619
6145	9620
6145	9621
6145	9622
6145	9623
6145	9624
6146	9625
6146	9626
6146	9627
6146	9628
6147	9629
6147	9630
6147	9631
6147	9632
6147	9633
6148	9634
6149	9635
6151	9636
6153	9637
6155	9638
6157	9639
6159	9640
6161	9641
6163	9642
6166	9643
6168	9644
6170	9645
6172	9646
6174	9647
6176	9648
6178	9649
6180	9650
6182	9651
6184	9652
6187	9653
6189	9654
6191	9655
6193	9656
6195	9657
6197	9658
6199	9659
6202	9660
6204	9661
6206	9662
6208	9663
6210	9664
6212	9665
6215	9666
6217	9667
6219	9668
6221	9669
6223	9670
6225	9671
6227	9672
6229	9673
6231	9674
6233	9675
6235	9676
6237	9677
6239	9678
6241	9679
6243	9680
6245	9681
6247	9682
6249	9683
6251	9684
6253	9685
6255	9686
6257	9687
6260	9688
6262	9689
6264	9690
6266	9691
6268	9692
6270	9693
6272	9694
6274	9695
6276	9696
6278	9697
6281	9698
6283	9699
6285	9700
6286	9701
6286	9702
6286	9703
6287	9704
6287	9705
6287	9706
6287	9707
6287	9708
6288	9709
6288	9710
6288	9711
6288	9712
6289	9713
6289	9714
6289	9715
6289	9716
6289	9717
6290	9718
6290	9719
6290	9720
6290	9721
6290	9722
6291	9723
6291	9724
6291	9725
6291	9726
6292	9727
6292	9728
6292	9729
6292	9730
6292	9731
6293	9732
6293	9733
6293	9734
6293	9735
6293	9736
6294	9737
6295	9738
6297	9739
6299	9740
6301	9741
6303	9742
6305	9743
6307	9744
6309	9745
6312	9746
6314	9747
6316	9748
6318	9749
6321	9750
6323	9751
6325	9752
6327	9753
6329	9754
6331	9755
6333	9756
6335	9757
6338	9758
6340	9759
6342	9760
6344	9761
6346	9762
6348	9763
6350	9764
6352	9765
6354	9766
6356	9767
6358	9768
6360	9769
6362	9770
6364	9771
6366	9772
6368	9773
6370	9774
6372	9775
6374	9776
6376	9777
6378	9778
6380	9779
6383	9780
6385	9781
6387	9782
6389	9783
6391	9784
6393	9785
6395	9786
6397	9787
6399	9788
6401	9789
6403	9790
6405	9791
6407	9792
6409	9793
6411	9794
6413	9795
6415	9796
6417	9797
6419	9798
6421	9799
6423	9800
6425	9801
6428	9802
6430	9803
6432	9804
6434	9805
6436	9806
6436	9807
6436	9808
6436	9809
6437	9810
6437	9811
6437	9812
6437	9813
6437	9814
6438	9815
6438	9816
6438	9817
6438	9818
6438	9819
6439	9820
6439	9821
6439	9822
6439	9823
6440	9824
6440	9825
6440	9826
6440	9827
6440	9828
6441	9829
6441	9830
6441	9831
6441	9832
6441	9833
6442	9834
6442	9835
6442	9836
6442	9837
6443	9838
6443	9839
6443	9840
6443	9841
6443	9842
6444	9843
6444	9844
6446	9845
6448	9846
6450	9847
6452	9848
6454	9849
6457	9850
6459	9851
6461	9852
6463	9853
6465	9854
6467	9855
6469	9856
6471	9857
6473	9858
6475	9859
6477	9860
6479	9861
6481	9862
6483	9863
6485	9864
6487	9865
6489	9866
6491	9867
6493	9868
6495	9869
6497	9870
6499	9871
6501	9872
6504	9873
6506	9874
6508	9875
6510	9876
6512	9877
6514	9878
6516	9879
6518	9880
6520	9881
6522	9882
6524	9883
6526	9884
6528	9885
6530	9886
6532	9887
6534	9888
6537	9889
6539	9890
6541	9891
6543	9892
6545	9893
6547	9894
6549	9895
6551	9896
6553	9897
6555	9898
6558	9899
6560	9900
6562	9901
6564	9902
6566	9903
6568	9904
6570	9905
6573	9906
6575	9907
6577	9908
6579	9909
6581	9910
6582	9911
6582	9912
6582	9913
6583	9914
6583	9915
6583	9916
6583	9917
6583	9918
6584	9919
6584	9920
6584	9921
6584	9922
6585	9923
6585	9924
6585	9925
6585	9926
6586	9927
6586	9928
6586	9929
6586	9930
6586	9931
6587	9932
6587	9933
6587	9934
6587	9935
6588	9936
6588	9937
6588	9938
6588	9939
6589	9940
6589	9941
6589	9942
6589	9943
6590	9944
6590	9945
6592	9946
6594	9947
6596	9948
6598	9949
6600	9950
6602	9951
6604	9952
6606	9953
6608	9954
6610	9955
6613	9956
6615	9957
6617	9958
6619	9959
6621	9960
6623	9961
6626	9962
6628	9963
6630	9964
6632	9965
6634	9966
6636	9967
6638	9968
6640	9969
6643	9970
6645	9971
6647	9972
6649	9973
6651	9974
6653	9975
6655	9976
6657	9977
6659	9978
6661	9979
6663	9980
6665	9981
6667	9982
6669	9983
6671	9984
6673	9985
6675	9986
6677	9987
6679	9988
6681	9989
6683	9990
6685	9991
6687	9992
6690	9993
6692	9994
6694	9995
6696	9996
6698	9997
6700	9998
6702	9999
6704	10000
6706	10001
