0	2
14	3
28	4
45	5
46	6
47	7
47	8
47	9
48	10
48	11
48	12
49	13
49	14
49	15
49	16
50	17
50	18
51	19
51	20
51	21
52	22
52	23
52	24
52	25
53	26
53	27
53	28
53	29
54	30
54	31
54	32
55	33
55	34
56	35
56	36
56	37
56	38
57	39
57	40
57	41
57	42
58	43
58	44
58	45
58	46
59	47
59	48
59	49
59	50
60	51
60	52
60	53
61	54
61	55
61	56
61	57
62	58
62	59
62	60
63	61
63	62
63	63
63	64
64	65
64	66
64	67
64	68
65	69
65	70
65	71
65	72
66	73
66	74
66	75
67	76
67	77
67	78
67	79
68	80
68	81
68	82
68	83
68	84
69	85
69	86
69	87
69	88
70	89
70	90
70	91
70	92
71	93
71	94
71	95
71	96
72	97
72	98
72	99
72	100
72	101
73	102
73	103
73	104
73	105
74	106
74	107
74	108
74	109
75	110
75	111
75	112
75	113
76	114
76	115
76	116
76	117
77	118
77	119
77	120
77	121
77	122
78	123
78	124
78	125
78	126
79	127
79	128
79	129
79	130
80	131
80	132
80	133
81	134
81	135
81	136
81	137
82	138
82	139
82	140
82	141
83	142
83	143
83	144
83	145
83	146
84	147
84	148
84	149
84	150
85	151
85	152
85	153
85	154
86	155
86	156
86	157
86	158
87	159
87	160
87	161
87	162
87	163
88	164
88	165
88	166
88	167
89	168
89	169
89	170
89	171
90	172
90	173
90	174
90	175
91	176
91	177
91	178
91	179
92	180
92	181
92	182
92	183
93	184
93	185
93	186
93	187
93	188
94	189
94	190
95	191
95	192
95	193
95	194
95	195
96	196
96	197
96	198
96	199
97	200
97	201
97	202
97	203
98	204
98	205
98	206
98	207
98	208
99	209
99	210
99	211
99	212
100	213
100	214
100	215
100	216
100	217
101	218
101	219
101	220
101	221
102	222
102	223
102	224
102	225
102	226
103	227
103	228
103	229
103	230
104	231
104	232
104	233
104	234
105	235
105	236
105	237
105	238
106	239
106	240
106	241
106	242
106	243
107	244
107	245
107	246
108	247
108	248
108	249
108	250
109	251
109	252
109	253
109	254
109	255
110	256
110	257
110	258
110	259
111	260
111	261
111	262
111	263
112	264
112	265
112	266
112	267
112	268
113	269
113	270
113	271
113	272
114	273
114	274
114	275
114	276
115	277
115	278
115	279
115	280
115	281
116	282
116	283
116	284
116	285
117	286
117	287
117	288
117	289
118	290
118	291
118	292
118	293
119	294
119	295
119	296
119	297
119	298
120	299
120	300
120	301
120	302
121	303
121	304
121	305
122	306
122	307
122	308
122	309
123	310
123	311
123	312
123	313
124	314
124	315
124	316
124	317
125	318
125	319
125	320
125	321
125	322
126	323
126	324
126	325
126	326
127	327
127	328
127	329
127	330
127	331
128	332
128	333
128	334
128	335
129	336
129	337
129	338
129	339
130	340
130	341
130	342
130	343
130	344
131	345
131	346
131	347
131	348
132	349
132	350
132	351
132	352
132	353
133	354
133	355
133	356
133	357
134	358
134	359
134	360
135	361
135	362
135	363
135	364
136	365
136	366
136	367
136	368
137	369
137	370
137	371
137	372
138	373
138	374
138	375
138	376
138	377
139	378
139	379
139	380
139	381
140	382
140	383
140	384
140	385
141	386
141	387
141	388
141	389
142	390
142	391
142	392
142	393
142	394
143	395
143	396
143	397
143	398
144	399
144	400
144	401
144	402
144	403
145	404
145	405
145	406
145	407
146	408
146	409
146	410
146	411
147	412
147	413
147	414
147	415
147	416
148	417
148	418
148	419
148	420
149	421
149	422
149	423
149	424
149	425
150	426
150	427
150	428
150	429
151	430
151	431
151	432
151	433
152	434
152	435
152	436
152	437
152	438
153	439
153	440
153	441
153	442
154	443
154	444
154	445
154	446
155	447
155	448
155	449
155	450
155	451
156	452
156	453
156	454
156	455
157	456
157	457
157	458
157	459
158	460
158	461
158	462
158	463
159	464
159	465
159	466
159	467
159	468
160	469
160	470
160	471
160	472
161	473
161	474
161	475
161	476
162	477
162	478
162	479
162	480
163	481
163	482
163	483
163	484
164	485
164	486
164	487
164	488
165	489
165	490
165	491
165	492
165	493
166	494
166	495
166	496
166	497
167	498
167	499
167	500
167	501
167	502
168	503
168	504
168	505
169	506
169	507
169	508
169	509
169	510
170	511
170	512
170	513
170	514
171	515
171	516
171	517
171	518
172	519
172	520
172	521
172	522
172	523
173	524
173	525
173	526
173	527
174	528
174	529
174	530
175	531
175	532
175	533
175	534
176	535
176	536
176	537
176	538
177	539
177	540
177	541
177	542
178	543
178	544
178	545
178	546
178	547
179	548
179	549
179	550
179	551
180	552
180	553
180	554
180	555
181	556
181	557
181	558
181	559
182	560
182	561
182	562
182	563
183	564
183	565
183	566
184	567
184	568
184	569
184	570
185	571
185	572
185	573
185	574
185	575
186	576
186	577
186	578
186	579
187	580
187	581
187	582
187	583
188	584
188	585
189	586
189	587
189	588
189	589
190	590
190	591
190	592
190	593
190	594
191	595
191	596
191	597
191	598
192	599
192	600
192	601
192	602
193	603
193	604
193	605
193	606
193	607
194	608
194	609
194	610
194	611
195	612
195	613
195	614
195	615
196	616
196	617
196	618
196	619
196	620
197	621
197	622
197	623
197	624
198	625
198	626
198	627
198	628
198	629
199	630
199	631
199	632
199	633
200	634
200	635
200	636
200	637
201	638
201	639
201	640
201	641
201	642
202	643
202	644
202	645
202	646
203	647
203	648
203	649
203	650
203	651
204	652
204	653
204	654
204	655
205	656
205	657
205	658
205	659
206	660
206	661
206	662
206	663
206	664
207	665
207	666
207	667
207	668
208	669
208	670
208	671
208	672
209	673
209	674
209	675
209	676
209	677
210	678
210	679
210	680
210	681
211	682
211	683
211	684
211	685
212	686
212	687
212	688
212	689
212	690
213	691
213	692
213	693
214	694
214	695
214	696
215	697
215	698
215	699
215	700
216	701
216	702
216	703
216	704
216	705
217	706
217	707
217	708
217	709
218	710
218	711
218	712
218	713
219	714
219	715
219	716
219	717
219	718
220	719
220	720
220	721
220	722
221	723
221	724
221	725
221	726
222	727
222	728
222	729
222	730
223	731
223	732
223	733
223	734
223	735
224	736
224	737
224	738
224	739
225	740
225	741
225	742
225	743
226	744
226	745
226	746
226	747
226	748
227	749
227	750
227	751
227	752
228	753
228	754
228	755
228	756
229	757
229	758
229	759
229	760
229	761
230	762
230	763
230	764
230	765
231	766
231	767
231	768
231	769
231	770
232	771
232	772
232	773
232	774
233	775
233	776
233	777
233	778
233	779
234	780
234	781
234	782
234	783
235	784
235	785
235	786
235	787
236	788
236	789
236	790
236	791
236	792
237	793
237	794
237	795
237	796
238	797
238	798
238	799
238	800
239	801
239	802
239	803
239	804
239	805
240	806
240	807
240	808
240	809
240	810
241	811
241	812
241	813
241	814
242	815
242	816
242	817
242	818
242	819
243	820
243	821
243	822
243	823
244	824
244	825
244	826
245	827
245	828
245	829
245	830
245	831
246	832
246	833
246	834
246	835
246	836
247	837
247	838
247	839
247	840
248	841
248	842
248	843
248	844
249	845
249	846
249	847
249	848
249	849
250	850
250	851
250	852
250	853
250	854
251	855
251	856
251	857
251	858
252	859
252	860
252	861
252	862
253	863
253	864
253	865
253	866
253	867
254	868
254	869
254	870
254	871
255	872
255	873
255	874
255	875
255	876
256	877
256	878
256	879
256	880
257	881
257	882
257	883
257	884
257	885
258	886
258	887
258	888
258	889
259	890
259	891
259	892
259	893
260	894
260	895
260	896
260	897
260	898
261	899
261	900
261	901
261	902
262	903
262	904
262	905
262	906
262	907
263	908
263	909
263	910
263	911
264	912
264	913
264	914
264	915
264	916
265	917
265	918
265	919
265	920
266	921
266	922
266	923
266	924
267	925
267	926
267	927
267	928
267	929
268	930
268	931
268	932
268	933
269	934
269	935
269	936
269	937
269	938
270	939
270	940
270	941
270	942
271	943
271	944
271	945
271	946
272	947
272	948
272	949
272	950
272	951
273	952
273	953
273	954
273	955
274	956
274	957
274	958
274	959
275	960
275	961
275	962
275	963
275	964
276	965
276	966
276	967
276	968
277	969
277	970
277	971
277	972
278	973
278	974
278	975
278	976
278	977
279	978
279	979
279	980
279	981
279	982
280	983
280	984
280	985
280	986
281	987
281	988
281	989
281	990
282	991
282	992
282	993
282	994
282	995
283	996
283	997
283	998
283	999
284	1000
284	1001
284	1002
284	1003
284	1004
285	1005
285	1006
285	1007
285	1008
285	1009
286	1010
286	1011
286	1012
286	1013
287	1014
287	1015
287	1016
287	1017
287	1018
288	1019
288	1020
288	1021
288	1022
289	1023
289	1024
289	1025
289	1026
290	1027
290	1028
290	1029
290	1030
291	1031
291	1032
291	1033
291	1034
291	1035
292	1036
292	1037
292	1038
292	1039
293	1040
293	1041
293	1042
293	1043
294	1044
294	1045
294	1046
294	1047
295	1048
295	1049
295	1050
295	1051
295	1052
296	1053
296	1054
296	1055
296	1056
297	1057
297	1058
297	1059
297	1060
297	1061
298	1062
298	1063
298	1064
298	1065
299	1066
299	1067
299	1068
299	1069
300	1070
300	1071
300	1072
300	1073
301	1074
301	1075
301	1076
301	1077
301	1078
302	1079
302	1080
302	1081
302	1082
303	1083
303	1084
303	1085
303	1086
304	1087
304	1088
304	1089
304	1090
304	1091
305	1092
305	1093
305	1094
305	1095
306	1096
306	1097
306	1098
306	1099
306	1100
307	1101
307	1102
307	1103
307	1104
308	1105
308	1106
308	1107
308	1108
309	1109
309	1110
309	1111
309	1112
309	1113
310	1114
310	1115
310	1116
310	1117
310	1118
311	1119
311	1120
311	1121
311	1122
312	1123
312	1124
312	1125
312	1126
313	1127
313	1128
313	1129
313	1130
313	1131
314	1132
314	1133
314	1134
314	1135
315	1136
315	1137
315	1138
315	1139
316	1140
316	1141
316	1142
316	1143
316	1144
317	1145
317	1146
317	1147
317	1148
318	1149
318	1150
318	1151
318	1152
318	1153
319	1154
319	1155
319	1156
319	1157
320	1158
320	1159
320	1160
320	1161
320	1162
321	1163
321	1164
321	1165
321	1166
322	1167
322	1168
322	1169
322	1170
323	1171
323	1172
323	1173
323	1174
324	1175
324	1176
324	1177
324	1178
324	1179
325	1180
325	1181
325	1182
325	1183
326	1184
326	1185
326	1186
326	1187
327	1188
327	1189
327	1190
327	1191
327	1192
328	1193
328	1194
328	1195
328	1196
329	1197
329	1198
329	1199
329	1200
330	1201
330	1202
330	1203
330	1204
331	1205
331	1206
331	1207
331	1208
332	1209
332	1210
332	1211
332	1212
332	1213
333	1214
333	1215
333	1216
333	1217
334	1218
334	1219
334	1220
334	1221
335	1222
335	1223
335	1224
335	1225
335	1226
336	1227
336	1228
336	1229
336	1230
337	1231
337	1232
337	1233
337	1234
338	1235
338	1236
338	1237
338	1238
339	1239
339	1240
339	1241
339	1242
340	1243
340	1244
340	1245
340	1246
341	1247
341	1248
341	1249
341	1250
342	1251
342	1252
342	1253
342	1254
342	1255
343	1256
343	1257
343	1258
343	1259
344	1260
344	1261
344	1262
344	1263
345	1264
345	1265
345	1266
345	1267
345	1268
346	1269
346	1270
346	1271
347	1272
347	1273
347	1274
347	1275
348	1276
348	1277
348	1278
348	1279
349	1280
349	1281
349	1282
349	1283
349	1284
350	1285
350	1286
350	1287
350	1288
351	1289
351	1290
351	1291
351	1292
352	1293
352	1294
352	1295
352	1296
353	1297
353	1298
353	1299
353	1300
353	1301
354	1302
354	1303
354	1304
354	1305
355	1306
355	1307
355	1308
355	1309
356	1310
356	1311
356	1312
356	1313
356	1314
357	1315
357	1316
357	1317
357	1318
358	1319
358	1320
358	1321
358	1322
359	1323
359	1324
359	1325
359	1326
359	1327
360	1328
360	1329
360	1330
360	1331
361	1332
361	1333
361	1334
361	1335
362	1336
362	1337
362	1338
362	1339
363	1340
363	1341
363	1342
363	1343
363	1344
364	1345
364	1346
364	1347
364	1348
365	1349
365	1350
365	1351
365	1352
366	1353
366	1354
366	1355
366	1356
367	1357
367	1358
367	1359
367	1360
367	1361
368	1362
368	1363
368	1364
368	1365
369	1366
369	1367
369	1368
369	1369
369	1370
370	1371
370	1372
370	1373
370	1374
371	1375
371	1376
371	1377
371	1378
372	1379
372	1380
372	1381
372	1382
372	1383
373	1384
373	1385
373	1386
373	1387
374	1388
374	1389
374	1390
374	1391
375	1392
375	1393
375	1394
375	1395
375	1396
376	1397
376	1398
376	1399
376	1400
377	1401
377	1402
377	1403
377	1404
377	1405
378	1406
378	1407
378	1408
378	1409
379	1410
379	1411
379	1412
379	1413
380	1414
380	1415
380	1416
380	1417
381	1418
381	1419
381	1420
381	1421
382	1422
382	1423
382	1424
382	1425
383	1426
383	1427
383	1428
383	1429
384	1430
384	1431
384	1432
384	1433
385	1434
385	1435
385	1436
385	1437
386	1438
386	1439
386	1440
386	1441
386	1442
387	1443
387	1444
387	1445
387	1446
388	1447
388	1448
388	1449
388	1450
389	1451
389	1452
389	1453
389	1454
389	1455
390	1456
390	1457
390	1458
390	1459
391	1460
391	1461
391	1462
391	1463
391	1464
392	1465
392	1466
392	1467
392	1468
393	1469
393	1470
393	1471
393	1472
394	1473
394	1474
394	1475
394	1476
395	1477
395	1478
395	1479
395	1480
396	1481
396	1482
396	1483
396	1484
397	1485
397	1486
397	1487
397	1488
398	1489
398	1490
398	1491
398	1492
399	1493
399	1494
399	1495
399	1496
399	1497
400	1498
400	1499
400	1500
400	1501
400	1502
401	1503
401	1504
401	1505
401	1506
402	1507
402	1508
402	1509
402	1510
402	1511
403	1512
403	1513
403	1514
403	1515
404	1516
404	1517
404	1518
404	1519
405	1520
405	1521
405	1522
405	1523
405	1524
406	1525
406	1526
406	1527
406	1528
406	1529
407	1530
407	1531
407	1532
407	1533
408	1534
408	1535
408	1536
408	1537
409	1538
409	1539
409	1540
409	1541
410	1542
410	1543
410	1544
410	1545
410	1546
411	1547
411	1548
411	1549
411	1550
412	1551
412	1552
412	1553
412	1554
412	1555
413	1556
413	1557
413	1558
413	1559
414	1560
414	1561
414	1562
414	1563
414	1564
415	1565
415	1566
415	1567
415	1568
416	1569
416	1570
416	1571
416	1572
417	1573
417	1574
417	1575
417	1576
417	1577
418	1578
418	1579
418	1580
418	1581
419	1582
419	1583
419	1584
419	1585
420	1586
420	1587
420	1588
420	1589
421	1590
421	1591
421	1592
421	1593
422	1594
422	1595
422	1596
422	1597
423	1598
423	1599
423	1600
423	1601
423	1602
424	1603
424	1604
424	1605
424	1606
425	1607
425	1608
425	1609
425	1610
425	1611
425	1612
425	1613
426	1614
426	1615
426	1616
426	1617
426	1618
426	1619
426	1620
426	1621
427	1622
427	1623
427	1624
427	1625
427	1626
427	1627
427	1628
428	1629
428	1630
428	1631
428	1632
428	1633
428	1634
428	1635
428	1636
428	1637
429	1638
429	1639
429	1640
429	1641
429	1642
429	1643
429	1644
429	1645
430	1646
430	1647
430	1648
430	1649
430	1650
430	1651
430	1652
430	1653
430	1654
431	1655
431	1656
431	1657
431	1658
431	1659
431	1660
431	1661
431	1662
432	1663
432	1664
432	1665
432	1666
432	1667
432	1668
432	1669
433	1670
433	1671
433	1672
433	1673
433	1674
433	1675
433	1676
433	1677
433	1678
434	1679
434	1680
434	1681
434	1682
434	1683
434	1684
434	1685
434	1686
435	1687
435	1688
435	1689
435	1690
435	1691
435	1692
435	1693
436	1694
436	1695
436	1696
436	1697
436	1698
436	1699
436	1700
436	1701
436	1702
436	1703
437	1704
437	1705
437	1706
437	1707
437	1708
437	1709
437	1710
438	1711
438	1712
438	1713
438	1714
438	1715
438	1716
438	1717
438	1718
438	1719
439	1720
439	1721
439	1722
439	1723
439	1724
439	1725
439	1726
439	1727
439	1728
440	1729
440	1730
440	1731
440	1732
440	1733
440	1734
441	1735
441	1736
441	1737
441	1738
441	1739
441	1740
441	1741
441	1742
441	1743
442	1744
442	1745
442	1746
442	1747
442	1748
442	1749
442	1750
442	1751
443	1752
443	1753
443	1754
443	1755
443	1756
443	1757
443	1758
443	1759
443	1760
444	1761
444	1762
444	1763
444	1764
444	1765
444	1766
444	1767
444	1768
444	1769
445	1770
445	1771
445	1772
445	1773
445	1774
445	1775
445	1776
445	1777
445	1778
446	1779
446	1780
446	1781
446	1782
446	1783
446	1784
446	1785
446	1786
447	1787
447	1788
447	1789
447	1790
447	1791
447	1792
447	1793
447	1794
447	1795
448	1796
448	1797
448	1798
448	1799
448	1800
448	1801
448	1802
448	1803
449	1804
449	1805
449	1806
449	1807
449	1808
449	1809
449	1810
449	1811
449	1812
449	1813
450	1814
450	1815
450	1816
450	1817
450	1818
450	1819
450	1820
450	1821
451	1822
451	1823
451	1824
451	1825
451	1826
451	1827
451	1828
451	1829
451	1830
452	1831
452	1832
452	1833
452	1834
452	1835
452	1836
452	1837
452	1838
453	1839
453	1840
453	1841
453	1842
453	1843
453	1844
453	1845
453	1846
454	1847
454	1848
454	1849
454	1850
454	1851
454	1852
454	1853
454	1854
454	1855
454	1856
455	1857
455	1858
455	1859
455	1860
455	1861
455	1862
455	1863
455	1864
455	1865
456	1866
456	1867
456	1868
456	1869
456	1870
456	1871
456	1872
456	1873
456	1874
457	1875
457	1876
457	1877
457	1878
457	1879
457	1880
457	1881
457	1882
457	1883
458	1884
458	1885
458	1886
458	1887
458	1888
458	1889
458	1890
458	1891
459	1892
459	1893
459	1894
459	1895
459	1896
459	1897
459	1898
459	1899
459	1900
460	1901
460	1902
460	1903
460	1904
460	1905
460	1906
460	1907
460	1908
460	1909
460	1910
461	1911
461	1912
461	1913
461	1914
461	1915
461	1916
461	1917
461	1918
461	1919
462	1920
462	1921
462	1922
462	1923
462	1924
462	1925
462	1926
462	1927
462	1928
463	1929
463	1930
463	1931
463	1932
463	1933
463	1934
463	1935
463	1936
463	1937
464	1938
464	1939
464	1940
464	1941
464	1942
464	1943
464	1944
464	1945
464	1946
464	1947
465	1948
465	1949
465	1950
465	1951
465	1952
465	1953
465	1954
465	1955
466	1956
466	1957
466	1958
466	1959
466	1960
466	1961
466	1962
466	1963
466	1964
466	1965
467	1966
467	1967
467	1968
467	1969
467	1970
467	1971
467	1972
467	1973
467	1974
468	1975
468	1976
468	1977
468	1978
468	1979
468	1980
468	1981
468	1982
468	1983
469	1984
469	1985
469	1986
469	1987
469	1988
469	1989
469	1990
469	1991
469	1992
470	1993
470	1994
470	1995
470	1996
470	1997
470	1998
470	1999
470	2000
470	2001
471	2002
471	2003
471	2004
471	2005
471	2006
471	2007
471	2008
471	2009
471	2010
472	2011
472	2012
472	2013
472	2014
472	2015
472	2016
472	2017
472	2018
472	2019
473	2020
473	2021
473	2022
473	2023
473	2024
473	2025
473	2026
473	2027
473	2028
474	2029
474	2030
474	2031
474	2032
474	2033
474	2034
474	2035
474	2036
474	2037
474	2038
475	2039
475	2040
475	2041
475	2042
475	2043
475	2044
475	2045
475	2046
475	2047
476	2048
476	2049
476	2050
476	2051
476	2052
476	2053
476	2054
476	2055
476	2056
477	2057
477	2058
477	2059
477	2060
477	2061
477	2062
477	2063
477	2064
477	2065
478	2066
478	2067
478	2068
478	2069
478	2070
478	2071
478	2072
478	2073
478	2074
478	2075
479	2076
479	2077
479	2078
479	2079
479	2080
479	2081
479	2082
479	2083
479	2084
480	2085
480	2086
480	2087
480	2088
480	2089
480	2090
480	2091
480	2092
481	2093
481	2094
481	2095
481	2096
481	2097
481	2098
481	2099
481	2100
481	2101
482	2102
482	2103
482	2104
482	2105
482	2106
482	2107
482	2108
482	2109
482	2110
482	2111
483	2112
483	2113
483	2114
483	2115
483	2116
483	2117
483	2118
483	2119
484	2120
484	2121
484	2122
484	2123
484	2124
484	2125
484	2126
484	2127
484	2128
485	2129
485	2130
485	2131
485	2132
485	2133
485	2134
485	2135
485	2136
485	2137
486	2138
486	2139
486	2140
486	2141
486	2142
486	2143
486	2144
486	2145
486	2146
486	2147
487	2148
487	2149
487	2150
487	2151
487	2152
487	2153
487	2154
487	2155
487	2156
488	2157
488	2158
488	2159
488	2160
488	2161
488	2162
488	2163
488	2164
489	2165
489	2166
489	2167
489	2168
489	2169
489	2170
489	2171
489	2172
489	2173
490	2174
490	2175
490	2176
490	2177
490	2178
490	2179
490	2180
490	2181
490	2182
491	2183
491	2184
491	2185
491	2186
491	2187
491	2188
491	2189
491	2190
492	2191
492	2192
492	2193
492	2194
492	2195
492	2196
492	2197
492	2198
492	2199
492	2200
493	2201
493	2202
493	2203
493	2204
493	2205
493	2206
493	2207
493	2208
493	2209
494	2210
494	2211
494	2212
494	2213
494	2214
494	2215
494	2216
494	2217
494	2218
495	2219
495	2220
495	2221
495	2222
495	2223
495	2224
495	2225
495	2226
495	2227
495	2228
496	2229
496	2230
496	2231
496	2232
496	2233
496	2234
496	2235
496	2236
497	2237
497	2238
497	2239
497	2240
497	2241
497	2242
497	2243
497	2244
497	2245
498	2246
498	2247
498	2248
498	2249
498	2250
498	2251
498	2252
498	2253
498	2254
499	2255
499	2256
499	2257
499	2258
499	2259
499	2260
499	2261
499	2262
499	2263
500	2264
500	2265
500	2266
500	2267
500	2268
500	2269
500	2270
500	2271
501	2272
501	2273
501	2274
501	2275
501	2276
501	2277
501	2278
501	2279
501	2280
502	2281
502	2282
502	2283
502	2284
502	2285
502	2286
502	2287
502	2288
502	2289
503	2290
503	2291
503	2292
503	2293
503	2294
503	2295
503	2296
503	2297
504	2298
504	2299
504	2300
504	2301
504	2302
504	2303
504	2304
504	2305
504	2306
505	2307
505	2308
505	2309
505	2310
505	2311
505	2312
505	2313
505	2314
506	2315
506	2316
506	2317
506	2318
506	2319
506	2320
506	2321
506	2322
506	2323
507	2324
507	2325
507	2326
507	2327
507	2328
507	2329
507	2330
507	2331
507	2332
507	2333
508	2334
508	2335
508	2336
508	2337
508	2338
508	2339
508	2340
508	2341
509	2342
509	2343
509	2344
509	2345
509	2346
509	2347
509	2348
509	2349
509	2350
510	2351
510	2352
510	2353
510	2354
510	2355
510	2356
510	2357
510	2358
510	2359
510	2360
511	2361
511	2362
511	2363
511	2364
511	2365
511	2366
511	2367
512	2368
512	2369
512	2370
512	2371
512	2372
512	2373
512	2374
512	2375
512	2376
512	2377
513	2378
513	2379
513	2380
513	2381
513	2382
513	2383
513	2384
513	2385
513	2386
514	2387
514	2388
514	2389
514	2390
514	2391
514	2392
514	2393
514	2394
514	2395
514	2396
515	2397
515	2398
515	2399
515	2400
515	2401
515	2402
515	2403
515	2404
515	2405
516	2406
516	2407
516	2408
516	2409
516	2410
516	2411
516	2412
516	2413
516	2414
516	2415
517	2416
517	2417
517	2418
517	2419
517	2420
517	2421
517	2422
517	2423
517	2424
518	2425
518	2426
518	2427
518	2428
518	2429
518	2430
518	2431
518	2432
518	2433
519	2434
519	2435
519	2436
519	2437
519	2438
519	2439
519	2440
519	2441
519	2442
519	2443
520	2444
520	2445
520	2446
520	2447
520	2448
520	2449
520	2450
520	2451
520	2452
521	2453
521	2454
521	2455
521	2456
521	2457
521	2458
521	2459
521	2460
521	2461
521	2462
522	2463
522	2464
522	2465
522	2466
522	2467
522	2468
522	2469
522	2470
522	2471
523	2472
523	2473
523	2474
523	2475
523	2476
523	2477
523	2478
523	2479
523	2480
523	2481
524	2482
524	2483
524	2484
524	2485
524	2486
524	2487
524	2488
524	2489
524	2490
524	2491
525	2492
525	2493
525	2494
525	2495
525	2496
525	2497
525	2498
525	2499
525	2500
526	2501
526	2502
526	2503
526	2504
526	2505
526	2506
527	2507
527	2508
527	2509
527	2510
528	2511
528	2512
528	2513
528	2514
528	2515
529	2516
529	2517
529	2518
529	2519
529	2520
530	2521
530	2522
530	2523
530	2524
530	2525
531	2526
531	2527
531	2528
531	2529
532	2530
532	2531
532	2532
532	2533
532	2534
532	2535
533	2536
533	2537
533	2538
533	2539
534	2540
534	2541
534	2542
534	2543
534	2544
535	2545
535	2546
535	2547
535	2548
535	2549
536	2550
536	2551
536	2552
536	2553
536	2554
537	2555
537	2556
537	2557
537	2558
537	2559
538	2560
538	2561
538	2562
538	2563
538	2564
539	2565
539	2566
539	2567
539	2568
539	2569
540	2570
540	2571
540	2572
540	2573
540	2574
540	2575
540	2576
540	2577
540	2578
541	2579
541	2580
541	2581
541	2582
541	2583
541	2584
541	2585
541	2586
541	2587
542	2588
542	2589
542	2590
542	2591
542	2592
542	2593
542	2594
542	2595
542	2596
543	2597
543	2598
543	2599
543	2600
543	2601
543	2602
543	2603
543	2604
543	2605
543	2606
544	2607
544	2608
544	2609
544	2610
544	2611
544	2612
544	2613
544	2614
544	2615
545	2616
545	2617
545	2618
545	2619
545	2620
545	2621
545	2622
545	2623
545	2624
545	2625
546	2626
546	2627
546	2628
546	2629
546	2630
546	2631
546	2632
546	2633
546	2634
546	2635
547	2636
547	2637
547	2638
547	2639
547	2640
547	2641
547	2642
547	2643
547	2644
548	2645
548	2646
548	2647
548	2648
548	2649
549	2650
549	2651
549	2652
549	2653
549	2654
549	2655
550	2656
550	2657
550	2658
550	2659
551	2660
551	2661
551	2662
551	2663
551	2664
551	2665
552	2666
552	2667
552	2668
552	2669
553	2670
553	2671
553	2672
553	2673
553	2674
553	2675
554	2676
554	2677
554	2678
554	2679
554	2680
555	2681
555	2682
555	2683
555	2684
555	2685
556	2686
556	2687
556	2688
556	2689
556	2690
557	2691
557	2692
557	2693
557	2694
557	2695
558	2696
558	2697
558	2698
558	2699
558	2700
559	2701
559	2702
559	2703
559	2704
559	2705
560	2706
560	2707
560	2708
560	2709
560	2710
561	2711
561	2712
561	2713
561	2714
562	2715
562	2716
562	2717
562	2718
562	2719
562	2720
562	2721
562	2722
562	2723
562	2724
563	2725
563	2726
563	2727
563	2728
563	2729
563	2730
563	2731
563	2732
563	2733
564	2734
564	2735
564	2736
564	2737
564	2738
564	2739
564	2740
564	2741
564	2742
564	2743
565	2744
565	2745
565	2746
565	2747
565	2748
565	2749
565	2750
565	2751
565	2752
566	2753
566	2754
566	2755
566	2756
566	2757
566	2758
566	2759
566	2760
566	2761
567	2762
567	2763
567	2764
567	2765
567	2766
567	2767
567	2768
567	2769
567	2770
568	2771
568	2772
568	2773
568	2774
568	2775
568	2776
568	2777
568	2778
568	2779
568	2780
569	2781
569	2782
569	2783
569	2784
570	2785
570	2786
570	2787
570	2788
570	2789
570	2790
571	2791
571	2792
571	2793
571	2794
571	2795
572	2796
572	2797
572	2798
572	2799
572	2800
573	2801
573	2802
573	2803
573	2804
574	2805
574	2806
574	2807
574	2808
574	2809
575	2810
575	2811
575	2812
575	2813
575	2814
576	2815
576	2816
576	2817
576	2818
576	2819
577	2820
577	2821
577	2822
577	2823
577	2824
578	2825
578	2826
578	2827
578	2828
578	2829
579	2830
579	2831
579	2832
579	2833
579	2834
580	2835
580	2836
580	2837
580	2838
580	2839
580	2840
581	2841
581	2842
581	2843
581	2844
581	2845
582	2846
582	2847
582	2848
582	2849
582	2850
583	2851
583	2852
583	2853
583	2854
584	2855
584	2856
584	2857
584	2858
584	2859
584	2860
585	2861
585	2862
585	2863
585	2864
585	2865
586	2866
586	2867
586	2868
586	2869
586	2870
586	2871
586	2872
586	2873
586	2874
587	2875
587	2876
587	2877
587	2878
587	2879
587	2880
587	2881
587	2882
587	2883
588	2884
588	2885
588	2886
588	2887
588	2888
588	2889
588	2890
588	2891
589	2892
589	2893
589	2894
589	2895
589	2896
589	2897
589	2898
589	2899
589	2900
590	2901
590	2902
590	2903
590	2904
590	2905
590	2906
590	2907
590	2908
591	2909
591	2910
591	2911
591	2912
591	2913
591	2914
591	2915
591	2916
591	2917
591	2918
592	2919
592	2920
592	2921
592	2922
592	2923
593	2924
593	2925
593	2926
593	2927
593	2928
594	2929
594	2930
594	2931
594	2932
594	2933
595	2934
595	2935
595	2936
595	2937
595	2938
596	2939
596	2940
596	2941
596	2942
596	2943
597	2944
597	2945
597	2946
597	2947
597	2948
598	2949
598	2950
598	2951
598	2952
598	2953
599	2954
599	2955
599	2956
599	2957
599	2958
600	2959
600	2960
600	2961
600	2962
601	2963
601	2964
601	2965
601	2966
601	2967
601	2968
602	2969
602	2970
602	2971
602	2972
603	2973
603	2974
603	2975
603	2976
603	2977
604	2978
604	2979
604	2980
604	2981
605	2982
605	2983
605	2984
605	2985
605	2986
606	2987
606	2988
606	2989
606	2990
606	2991
606	2992
606	2993
606	2994
606	2995
607	2996
607	2997
607	2998
607	2999
607	3000
607	3001
607	3002
607	3003
607	3004
607	3005
608	3006
608	3007
608	3008
608	3009
608	3010
608	3011
608	3012
608	3013
608	3014
609	3015
609	3016
609	3017
609	3018
609	3019
609	3020
609	3021
609	3022
609	3023
609	3024
610	3025
610	3026
610	3027
610	3028
610	3029
610	3030
610	3031
610	3032
610	3033
611	3034
611	3035
611	3036
611	3037
611	3038
611	3039
611	3040
611	3041
611	3042
611	3043
612	3044
612	3045
612	3046
612	3047
612	3048
612	3049
612	3050
612	3051
613	3052
613	3053
613	3054
613	3055
613	3056
614	3057
614	3058
614	3059
614	3060
614	3061
615	3062
615	3063
615	3064
615	3065
615	3066
616	3067
616	3068
616	3069
616	3070
616	3071
617	3072
617	3073
617	3074
617	3075
618	3076
618	3077
618	3078
618	3079
618	3080
618	3081
619	3082
619	3083
619	3084
619	3085
620	3086
620	3087
620	3088
620	3089
620	3090
620	3091
621	3092
621	3093
621	3094
621	3095
621	3096
622	3097
622	3098
622	3099
622	3100
622	3101
623	3102
623	3103
623	3104
623	3105
623	3106
624	3107
624	3108
624	3109
624	3110
624	3111
625	3112
625	3113
625	3114
625	3115
626	3116
626	3117
626	3118
626	3119
626	3120
627	3121
627	3122
627	3123
627	3124
627	3125
628	3126
628	3127
628	3128
628	3129
628	3130
629	3131
629	3132
629	3133
629	3134
629	3135
629	3136
629	3137
629	3138
629	3139
629	3140
630	3141
630	3142
630	3143
630	3144
630	3145
630	3146
630	3147
630	3148
631	3149
631	3150
631	3151
631	3152
631	3153
631	3154
631	3155
631	3156
631	3157
631	3158
632	3159
632	3160
632	3161
632	3162
632	3163
632	3164
632	3165
632	3166
632	3167
632	3168
633	3169
633	3170
633	3171
633	3172
633	3173
633	3174
633	3175
633	3176
633	3177
634	3178
634	3179
634	3180
634	3181
634	3182
634	3183
634	3184
634	3185
634	3186
635	3187
635	3188
635	3189
635	3190
635	3191
635	3192
635	3193
635	3194
635	3195
636	3196
636	3197
636	3198
636	3199
636	3200
637	3201
637	3202
637	3203
637	3204
637	3205
637	3206
638	3207
638	3208
638	3209
638	3210
639	3211
639	3212
639	3213
639	3214
639	3215
639	3216
640	3217
640	3218
640	3219
640	3220
641	3221
641	3222
641	3223
641	3224
641	3225
641	3226
642	3227
642	3228
642	3229
642	3230
643	3231
643	3232
643	3233
643	3234
643	3235
643	3236
644	3237
644	3238
644	3239
644	3240
645	3241
645	3242
645	3243
645	3244
645	3245
645	3246
646	3247
646	3248
646	3249
646	3250
646	3251
647	3252
647	3253
647	3254
647	3255
647	3256
648	3257
648	3258
648	3259
648	3260
648	3261
649	3262
649	3263
649	3264
649	3265
649	3266
650	3267
650	3268
650	3269
650	3270
650	3271
650	3272
650	3273
650	3274
650	3275
651	3276
651	3277
651	3278
651	3279
651	3280
651	3281
651	3282
651	3283
651	3284
651	3285
652	3286
652	3287
652	3288
652	3289
652	3290
652	3291
652	3292
652	3293
652	3294
653	3295
653	3296
653	3297
653	3298
653	3299
653	3300
653	3301
653	3302
653	3303
653	3304
654	3305
654	3306
654	3307
654	3308
654	3309
654	3310
654	3311
654	3312
654	3313
655	3314
655	3315
655	3316
655	3317
655	3318
655	3319
655	3320
655	3321
655	3322
655	3323
656	3324
656	3325
656	3326
656	3327
656	3328
656	3329
656	3330
656	3331
656	3332
657	3333
657	3334
657	3335
657	3336
657	3337
657	3338
658	3339
658	3340
658	3341
658	3342
659	3343
659	3344
659	3345
659	3346
659	3347
659	3348
660	3349
660	3350
660	3351
660	3352
661	3353
661	3354
661	3355
661	3356
661	3357
661	3358
662	3359
662	3360
662	3361
662	3362
663	3363
663	3364
663	3365
663	3366
663	3367
663	3368
664	3369
664	3370
664	3371
664	3372
665	3373
665	3374
665	3375
665	3376
665	3377
665	3378
666	3379
666	3380
666	3381
666	3382
667	3383
667	3384
667	3385
667	3386
667	3387
667	3388
668	3389
668	3390
668	3391
668	3392
668	3393
669	3394
669	3395
669	3396
669	3397
669	3398
670	3399
670	3400
670	3401
670	3402
670	3403
671	3404
671	3405
671	3406
671	3407
671	3408
672	3409
672	3410
672	3411
672	3412
672	3413
673	3414
673	3415
673	3416
673	3417
673	3418
673	3419
673	3420
673	3421
673	3422
674	3423
674	3424
674	3425
674	3426
674	3427
674	3428
674	3429
674	3430
674	3431
674	3432
675	3433
675	3434
675	3435
675	3436
675	3437
675	3438
675	3439
675	3440
675	3441
675	3442
676	3443
676	3444
676	3445
676	3446
676	3447
676	3448
676	3449
676	3450
676	3451
677	3452
677	3453
677	3454
677	3455
677	3456
677	3457
677	3458
677	3459
677	3460
677	3461
678	3462
678	3463
678	3464
678	3465
678	3466
678	3467
678	3468
678	3469
678	3470
679	3471
679	3472
679	3473
679	3474
679	3475
679	3476
679	3477
679	3478
680	3479
680	3480
680	3481
680	3482
680	3483
680	3484
680	3485
680	3486
680	3487
681	3488
681	3489
681	3490
681	3491
681	3492
681	3493
681	3494
681	3495
681	3496
681	3497
682	3498
682	3499
682	3500
682	3501
682	3502
682	3503
682	3504
682	3505
682	3506
683	3507
683	3508
683	3509
683	3510
683	3511
683	3512
683	3513
683	3514
683	3515
683	3516
684	3517
684	3518
684	3519
684	3520
684	3521
684	3522
684	3523
684	3524
684	3525
685	3526
685	3527
685	3528
685	3529
685	3530
685	3531
685	3532
685	3533
686	3534
686	3535
686	3536
686	3537
686	3538
686	3539
686	3540
686	3541
686	3542
687	3543
687	3544
687	3545
687	3546
687	3547
687	3548
687	3549
687	3550
687	3551
687	3552
688	3553
688	3554
688	3555
688	3556
688	3557
689	3558
689	3559
689	3560
689	3561
689	3562
690	3563
690	3564
690	3565
690	3566
690	3567
690	3568
691	3569
691	3570
691	3571
691	3572
692	3573
692	3574
692	3575
692	3576
692	3577
693	3578
693	3579
693	3580
693	3581
693	3582
694	3583
694	3584
694	3585
694	3586
694	3587
695	3588
695	3589
695	3590
695	3591
695	3592
696	3593
696	3594
696	3595
696	3596
697	3597
697	3598
697	3599
697	3600
697	3601
698	3602
698	3603
698	3604
698	3605
698	3606
699	3607
699	3608
699	3609
699	3610
699	3611
699	3612
700	3613
700	3614
700	3615
700	3616
700	3617
701	3618
701	3619
701	3620
701	3621
702	3622
702	3623
702	3624
702	3625
702	3626
702	3627
703	3628
703	3629
703	3630
703	3631
704	3632
704	3633
704	3634
704	3635
704	3636
705	3637
705	3638
705	3639
705	3640
705	3641
706	3642
706	3643
706	3644
706	3645
706	3646
707	3647
707	3648
707	3649
707	3650
708	3651
708	3652
708	3653
708	3654
708	3655
708	3656
709	3657
709	3658
709	3659
709	3660
710	3661
710	3662
710	3663
710	3664
710	3665
710	3666
711	3667
711	3668
711	3669
711	3670
712	3671
712	3672
712	3673
712	3674
712	3675
712	3676
713	3677
713	3678
713	3679
713	3680
714	3681
714	3682
714	3683
714	3684
715	3685
715	3686
715	3687
715	3688
715	3689
715	3690
716	3691
716	3692
716	3693
716	3694
716	3695
717	3696
717	3697
717	3698
717	3699
717	3700
718	3701
718	3702
718	3703
718	3704
718	3705
719	3706
719	3707
719	3708
719	3709
719	3710
720	3711
720	3712
720	3713
720	3714
720	3715
721	3716
721	3717
721	3718
721	3719
721	3720
722	3721
722	3722
722	3723
722	3724
723	3725
723	3726
723	3727
723	3728
723	3729
723	3730
724	3731
724	3732
724	3733
724	3734
724	3735
725	3736
725	3737
725	3738
725	3739
726	3740
726	3741
726	3742
726	3743
726	3744
726	3745
727	3746
727	3747
727	3748
727	3749
728	3750
728	3751
728	3752
728	3753
728	3754
728	3755
728	3756
728	3757
728	3758
728	3759
729	3760
729	3761
729	3762
729	3763
729	3764
729	3765
729	3766
729	3767
729	3768
730	3769
730	3770
730	3771
730	3772
730	3773
730	3774
730	3775
730	3776
730	3777
730	3778
731	3779
731	3780
731	3781
731	3782
731	3783
731	3784
731	3785
731	3786
731	3787
732	3788
732	3789
732	3790
732	3791
732	3792
732	3793
732	3794
732	3795
732	3796
732	3797
733	3798
733	3799
733	3800
733	3801
733	3802
733	3803
733	3804
733	3805
733	3806
734	3807
734	3808
734	3809
734	3810
734	3811
734	3812
734	3813
734	3814
734	3815
734	3816
735	3817
735	3818
735	3819
735	3820
735	3821
735	3822
735	3823
735	3824
735	3825
736	3826
736	3827
736	3828
736	3829
736	3830
736	3831
736	3832
736	3833
736	3834
736	3835
737	3836
737	3837
737	3838
737	3839
737	3840
737	3841
737	3842
737	3843
737	3844
738	3845
738	3846
738	3847
738	3848
738	3849
738	3850
738	3851
738	3852
738	3853
738	3854
739	3855
739	3856
739	3857
739	3858
739	3859
739	3860
739	3861
739	3862
740	3863
740	3864
740	3865
740	3866
740	3867
740	3868
740	3869
740	3870
740	3871
740	3872
741	3873
741	3874
741	3875
741	3876
741	3877
742	3878
742	3879
742	3880
742	3881
742	3882
742	3883
743	3884
743	3885
743	3886
743	3887
744	3888
744	3889
744	3890
744	3891
744	3892
745	3893
745	3894
745	3895
745	3896
746	3897
746	3898
746	3899
746	3900
746	3901
746	3902
747	3903
747	3904
747	3905
747	3906
748	3907
748	3908
748	3909
748	3910
748	3911
748	3912
749	3913
749	3914
749	3915
749	3916
750	3917
750	3918
750	3919
750	3920
750	3921
751	3922
751	3923
751	3924
751	3925
751	3926
752	3927
752	3928
752	3929
752	3930
752	3931
752	3932
753	3933
753	3934
753	3935
753	3936
754	3937
754	3938
754	3939
754	3940
754	3941
754	3942
755	3943
755	3944
755	3945
755	3946
756	3947
756	3948
756	3949
756	3950
756	3951
757	3952
757	3953
757	3954
757	3955
757	3956
758	3957
758	3958
758	3959
758	3960
758	3961
759	3962
759	3963
759	3964
759	3965
759	3966
760	3967
760	3968
760	3969
760	3970
760	3971
761	3972
761	3973
761	3974
761	3975
761	3976
761	3977
761	3978
761	3979
761	3980
762	3981
762	3982
762	3983
762	3984
762	3985
762	3986
762	3987
762	3988
762	3989
763	3990
763	3991
763	3992
763	3993
763	3994
763	3995
763	3996
763	3997
763	3998
763	3999
764	4000
764	4001
764	4002
764	4003
764	4004
764	4005
764	4006
764	4007
764	4008
765	4009
765	4010
765	4011
765	4012
765	4013
765	4014
765	4015
765	4016
765	4017
765	4018
766	4019
766	4020
766	4021
766	4022
766	4023
766	4024
766	4025
766	4026
766	4027
767	4028
767	4029
767	4030
767	4031
767	4032
767	4033
767	4034
767	4035
767	4036
767	4037
767	4038
768	4039
768	4040
768	4041
768	4042
768	4043
768	4044
768	4045
768	4046
768	4047
768	4048
769	4049
769	4050
769	4051
769	4052
769	4053
769	4054
769	4055
769	4056
769	4057
770	4058
770	4059
770	4060
770	4061
770	4062
770	4063
770	4064
770	4065
770	4066
770	4067
771	4068
771	4069
771	4070
771	4071
771	4072
771	4073
771	4074
771	4075
771	4076
772	4077
772	4078
772	4079
772	4080
772	4081
772	4082
772	4083
772	4084
772	4085
773	4086
773	4087
773	4088
773	4089
773	4090
773	4091
773	4092
773	4093
773	4094
774	4095
774	4096
774	4097
774	4098
774	4099
774	4100
774	4101
774	4102
774	4103
774	4104
775	4105
775	4106
775	4107
775	4108
775	4109
775	4110
776	4111
776	4112
776	4113
776	4114
776	4115
776	4116
777	4117
777	4118
777	4119
777	4120
778	4121
778	4122
778	4123
778	4124
778	4125
778	4126
779	4127
779	4128
779	4129
779	4130
779	4131
780	4132
780	4133
780	4134
780	4135
780	4136
781	4137
781	4138
781	4139
781	4140
782	4141
782	4142
782	4143
782	4144
782	4145
783	4146
783	4147
783	4148
783	4149
783	4150
784	4151
784	4152
784	4153
784	4154
784	4155
784	4156
785	4157
785	4158
785	4159
785	4160
786	4161
786	4162
786	4163
786	4164
786	4165
786	4166
787	4167
787	4168
787	4169
787	4170
788	4171
788	4172
788	4173
788	4174
788	4175
788	4176
789	4177
789	4178
789	4179
789	4180
790	4181
790	4182
790	4183
790	4184
790	4185
791	4186
791	4187
791	4188
791	4189
791	4190
792	4191
792	4192
792	4193
792	4194
792	4195
793	4196
793	4197
793	4198
793	4199
793	4200
794	4201
794	4202
794	4203
794	4204
794	4205
795	4206
795	4207
795	4208
795	4209
795	4210
796	4211
796	4212
796	4213
796	4214
796	4215
797	4216
797	4217
797	4218
797	4219
798	4220
798	4221
798	4222
798	4223
798	4224
798	4225
799	4226
799	4227
799	4228
799	4229
799	4230
800	4231
800	4232
800	4233
800	4234
800	4235
801	4236
801	4237
801	4238
801	4239
801	4240
801	4241
802	4242
802	4243
802	4244
802	4245
803	4246
803	4247
803	4248
803	4249
803	4250
803	4251
804	4252
804	4253
804	4254
804	4255
805	4256
805	4257
805	4258
805	4259
805	4260
806	4261
806	4262
806	4263
806	4264
807	4265
807	4266
807	4267
807	4268
807	4269
808	4270
808	4271
808	4272
808	4273
808	4274
809	4275
809	4276
809	4277
809	4278
809	4279
810	4280
810	4281
810	4282
810	4283
810	4284
811	4285
811	4286
811	4287
811	4288
811	4289
812	4290
812	4291
812	4292
812	4293
812	4294
813	4295
813	4296
813	4297
813	4298
813	4299
813	4300
813	4301
813	4302
813	4303
813	4304
814	4305
814	4306
814	4307
814	4308
814	4309
814	4310
814	4311
814	4312
814	4313
814	4314
815	4315
815	4316
815	4317
815	4318
815	4319
815	4320
815	4321
815	4322
816	4323
816	4324
816	4325
816	4326
816	4327
816	4328
816	4329
816	4330
816	4331
816	4332
817	4333
817	4334
817	4335
817	4336
817	4337
817	4338
817	4339
817	4340
817	4341
818	4342
818	4343
818	4344
818	4345
818	4346
818	4347
818	4348
818	4349
818	4350
818	4351
819	4352
819	4353
819	4354
819	4355
819	4356
819	4357
819	4358
819	4359
819	4360
819	4361
820	4362
820	4363
820	4364
820	4365
820	4366
820	4367
820	4368
820	4369
820	4370
821	4371
821	4372
821	4373
821	4374
821	4375
821	4376
821	4377
821	4378
821	4379
821	4380
822	4381
822	4382
822	4383
822	4384
822	4385
822	4386
822	4387
822	4388
822	4389
823	4390
823	4391
823	4392
823	4393
823	4394
823	4395
823	4396
823	4397
823	4398
823	4399
824	4400
824	4401
824	4402
824	4403
824	4404
824	4405
824	4406
824	4407
824	4408
825	4409
825	4410
825	4411
825	4412
825	4413
825	4414
825	4415
825	4416
825	4417
825	4418
826	4419
826	4420
826	4421
826	4422
826	4423
827	4424
827	4425
827	4426
827	4427
827	4428
828	4429
828	4430
828	4431
828	4432
828	4433
828	4434
829	4435
829	4436
829	4437
829	4438
830	4439
830	4440
830	4441
830	4442
830	4443
830	4444
831	4445
831	4446
831	4447
831	4448
831	4449
832	4450
832	4451
832	4452
832	4453
832	4454
833	4455
833	4456
833	4457
833	4458
834	4459
834	4460
834	4461
834	4462
834	4463
834	4464
835	4465
835	4466
835	4467
835	4468
836	4469
836	4470
836	4471
836	4472
836	4473
836	4474
837	4475
837	4476
837	4477
837	4478
838	4479
838	4480
838	4481
838	4482
838	4483
838	4484
839	4485
839	4486
839	4487
839	4488
839	4489
840	4490
840	4491
840	4492
840	4493
841	4494
841	4495
841	4496
841	4497
841	4498
842	4499
842	4500
842	4501
842	4502
842	4503
843	4504
843	4505
843	4506
843	4507
843	4508
844	4509
844	4510
844	4511
844	4512
844	4513
845	4514
845	4515
845	4516
845	4517
845	4518
846	4519
846	4520
846	4521
846	4522
847	4523
847	4524
847	4525
847	4526
847	4527
848	4528
848	4529
848	4530
848	4531
848	4532
848	4533
848	4534
848	4535
848	4536
849	4537
849	4538
849	4539
849	4540
849	4541
849	4542
849	4543
849	4544
849	4545
849	4546
850	4547
850	4548
850	4549
850	4550
850	4551
850	4552
850	4553
850	4554
850	4555
851	4556
851	4557
851	4558
851	4559
851	4560
851	4561
851	4562
851	4563
851	4564
852	4565
852	4566
852	4567
852	4568
852	4569
852	4570
852	4571
852	4572
852	4573
852	4574
853	4575
853	4576
853	4577
853	4578
853	4579
853	4580
853	4581
853	4582
853	4583
854	4584
854	4585
854	4586
854	4587
854	4588
854	4589
854	4590
854	4591
854	4592
855	4593
855	4594
855	4595
855	4596
855	4597
855	4598
855	4599
855	4600
855	4601
855	4602
856	4603
856	4604
856	4605
856	4606
856	4607
856	4608
856	4609
856	4610
857	4611
857	4612
857	4613
857	4614
857	4615
857	4616
857	4617
857	4618
857	4619
857	4620
858	4621
858	4622
858	4623
858	4624
858	4625
858	4626
858	4627
858	4628
858	4629
859	4630
859	4631
859	4632
859	4633
859	4634
859	4635
859	4636
859	4637
859	4638
859	4639
860	4640
860	4641
860	4642
860	4643
860	4644
860	4645
860	4646
860	4647
860	4648
861	4649
861	4650
861	4651
861	4652
861	4653
861	4654
861	4655
861	4656
861	4657
861	4658
862	4659
862	4660
862	4661
862	4662
862	4663
862	4664
863	4665
863	4666
863	4667
863	4668
864	4669
864	4670
864	4671
864	4672
864	4673
864	4674
865	4675
865	4676
865	4677
865	4678
866	4679
866	4680
866	4681
866	4682
866	4683
867	4684
867	4685
867	4686
867	4687
867	4688
867	4689
868	4690
868	4691
868	4692
868	4693
869	4694
869	4695
869	4696
869	4697
869	4698
870	4699
870	4700
870	4701
870	4702
870	4703
871	4704
871	4705
871	4706
871	4707
871	4708
872	4709
872	4710
872	4711
872	4712
872	4713
873	4714
873	4715
873	4716
873	4717
873	4718
874	4719
874	4720
874	4721
874	4722
875	4723
875	4724
875	4725
875	4726
875	4727
875	4728
876	4729
876	4730
876	4731
876	4732
876	4733
877	4734
877	4735
877	4736
877	4737
877	4738
878	4739
878	4740
878	4741
878	4742
878	4743
879	4744
879	4745
879	4746
879	4747
879	4748
880	4749
880	4750
880	4751
880	4752
881	4753
881	4754
881	4755
881	4756
881	4757
881	4758
882	4759
882	4760
882	4761
882	4762
882	4763
883	4764
883	4765
883	4766
883	4767
884	4768
884	4769
884	4770
884	4771
884	4772
884	4773
885	4774
885	4775
885	4776
885	4777
886	4778
886	4779
886	4780
886	4781
886	4782
886	4783
887	4784
887	4785
887	4786
887	4787
888	4788
888	4789
888	4790
888	4791
888	4792
888	4793
889	4794
889	4795
889	4796
889	4797
890	4798
890	4799
890	4800
890	4801
890	4802
890	4803
891	4804
891	4805
891	4806
891	4807
892	4808
892	4809
892	4810
892	4811
892	4812
892	4813
893	4814
893	4815
893	4816
893	4817
893	4818
894	4819
894	4820
894	4821
894	4822
894	4823
895	4824
895	4825
895	4826
895	4827
895	4828
896	4829
896	4830
896	4831
896	4832
897	4833
897	4834
897	4835
897	4836
897	4837
897	4838
898	4839
898	4840
898	4841
898	4842
898	4843
898	4844
898	4845
898	4846
898	4847
899	4848
899	4849
899	4850
899	4851
899	4852
899	4853
899	4854
899	4855
899	4856
900	4857
900	4858
900	4859
900	4860
900	4861
900	4862
900	4863
900	4864
900	4865
901	4866
901	4867
901	4868
901	4869
901	4870
901	4871
901	4872
901	4873
901	4874
902	4875
902	4876
902	4877
902	4878
902	4879
902	4880
902	4881
902	4882
902	4883
902	4884
903	4885
903	4886
903	4887
903	4888
903	4889
903	4890
903	4891
903	4892
903	4893
904	4894
904	4895
904	4896
904	4897
904	4898
904	4899
904	4900
904	4901
904	4902
904	4903
905	4904
905	4905
905	4906
905	4907
905	4908
905	4909
905	4910
905	4911
906	4912
906	4913
906	4914
906	4915
906	4916
906	4917
906	4918
906	4919
906	4920
906	4921
907	4922
907	4923
907	4924
907	4925
907	4926
907	4927
907	4928
907	4929
907	4930
908	4931
908	4932
908	4933
908	4934
908	4935
908	4936
908	4937
908	4938
908	4939
909	4940
909	4941
909	4942
909	4943
909	4944
909	4945
909	4946
909	4947
909	4948
910	4949
910	4950
910	4951
910	4952
910	4953
910	4954
910	4955
910	4956
910	4957
911	4958
911	4959
911	4960
911	4961
911	4962
911	4963
911	4964
911	4965
911	4966
911	4967
912	4968
912	4969
912	4970
912	4971
912	4972
912	4973
912	4974
912	4975
912	4976
912	4977
913	4978
913	4979
913	4980
913	4981
913	4982
913	4983
913	4984
913	4985
913	4986
914	4987
914	4988
914	4989
914	4990
914	4991
914	4992
914	4993
914	4994
914	4995
914	4996
915	4997
915	4998
915	4999
915	5000
915	5001
915	5002
915	5003
915	5004
915	5005
916	5006
916	5007
916	5008
916	5009
916	5010
916	5011
916	5012
916	5013
916	5014
917	5015
917	5016
917	5017
917	5018
917	5019
917	5020
917	5021
917	5022
918	5023
918	5024
918	5025
918	5026
918	5027
918	5028
918	5029
918	5030
918	5031
919	5032
919	5033
919	5034
919	5035
919	5036
919	5037
919	5038
919	5039
919	5040
919	5041
920	5042
920	5043
920	5044
920	5045
921	5046
921	5047
921	5048
921	5049
921	5050
921	5051
922	5052
922	5053
922	5054
922	5055
922	5056
923	5057
923	5058
923	5059
923	5060
923	5061
924	5062
924	5063
924	5064
924	5065
924	5066
925	5067
925	5068
925	5069
925	5070
925	5071
926	5072
926	5073
926	5074
926	5075
926	5076
927	5077
927	5078
927	5079
927	5080
927	5081
928	5082
928	5083
928	5084
928	5085
929	5086
929	5087
929	5088
929	5089
929	5090
930	5091
930	5092
930	5093
930	5094
930	5095
931	5096
931	5097
931	5098
931	5099
931	5100
932	5101
932	5102
932	5103
932	5104
932	5105
932	5106
933	5107
933	5108
933	5109
933	5110
934	5111
934	5112
934	5113
934	5114
934	5115
934	5116
935	5117
935	5118
935	5119
935	5120
936	5121
936	5122
936	5123
936	5124
936	5125
937	5126
937	5127
937	5128
937	5129
937	5130
938	5131
938	5132
938	5133
938	5134
938	5135
938	5136
939	5137
939	5138
939	5139
940	5140
940	5141
941	5142
942	5143
943	5144
944	5145
945	5146
946	5147
947	5148
948	5149
949	5150
950	5151
951	5152
952	5153
952	5154
953	5155
954	5156
954	5157
954	5158
954	5159
954	5160
955	5161
955	5162
955	5163
955	5164
955	5165
956	5166
956	5167
956	5168
956	5169
956	5170
956	5171
957	5172
957	5173
957	5174
957	5175
958	5176
958	5177
958	5178
958	5179
958	5180
958	5181
959	5182
959	5183
959	5184
959	5185
959	5186
960	5187
960	5188
960	5189
960	5190
961	5191
961	5192
961	5193
961	5194
961	5195
963	5196
963	5197
965	5198
966	5199
967	5200
967	5201
968	5202
968	5203
968	5204
968	5205
969	5206
969	5207
969	5208
969	5209
969	5210
970	5211
970	5212
970	5213
970	5214
970	5215
970	5216
971	5217
971	5218
971	5219
971	5220
971	5221
972	5222
972	5223
972	5224
972	5225
972	5226
972	5227
973	5228
973	5229
973	5230
973	5231
973	5232
974	5233
974	5234
974	5235
974	5236
974	5237
975	5238
975	5239
975	5240
975	5241
975	5242
975	5243
976	5244
976	5245
976	5246
976	5247
976	5248
976	5249
976	5250
976	5251
976	5252
976	5253
977	5254
977	5255
977	5256
977	5257
977	5258
977	5259
977	5260
977	5261
977	5262
977	5263
978	5264
978	5265
978	5266
978	5267
978	5268
978	5269
978	5270
978	5271
978	5272
979	5273
979	5274
979	5275
979	5276
979	5277
979	5278
979	5279
979	5280
980	5281
980	5282
980	5283
980	5284
980	5285
980	5286
980	5287
980	5288
980	5289
980	5290
981	5291
981	5292
981	5293
981	5294
981	5295
981	5296
981	5297
981	5298
981	5299
982	5300
982	5301
982	5302
982	5303
982	5304
982	5305
982	5306
982	5307
982	5308
983	5309
983	5310
983	5311
983	5312
983	5313
983	5314
983	5315
983	5316
984	5317
984	5318
984	5319
984	5320
984	5321
985	5322
985	5323
985	5324
985	5325
985	5326
985	5327
986	5328
986	5329
986	5330
986	5331
987	5332
987	5333
987	5334
987	5335
987	5336
987	5337
988	5338
988	5339
988	5340
988	5341
988	5342
988	5343
989	5344
990	5345
991	5346
992	5347
993	5348
993	5349
995	5350
995	5351
997	5352
997	5353
997	5354
998	5355
998	5356
998	5357
998	5358
999	5359
999	5360
999	5361
999	5362
999	5363
999	5364
1000	5365
1000	5366
1000	5367
1000	5368
1001	5369
1001	5370
1001	5371
1001	5372
1001	5373
1002	5374
1002	5375
1002	5376
1002	5377
1002	5378
1003	5379
1003	5380
1003	5381
1003	5382
1003	5383
1004	5384
1004	5385
1004	5386
1004	5387
1004	5388
1005	5389
1005	5390
1005	5391
1005	5392
1006	5393
1007	5394
1008	5395
1010	5396
1010	5397
1012	5398
1012	5399
1013	5400
1014	5401
1015	5402
1016	5403
1017	5404
1018	5405
1019	5406
1019	5407
1020	5408
1020	5409
1020	5410
1020	5411
1021	5412
1021	5413
1021	5414
1021	5415
1021	5416
1021	5417
1022	5418
1022	5419
1022	5420
1022	5421
1022	5422
1022	5423
1023	5424
1023	5425
1023	5426
1023	5427
1024	5428
1024	5429
1024	5430
1024	5431
1024	5432
1024	5433
1025	5434
1025	5435
1025	5436
1025	5437
1026	5438
1026	5439
1026	5440
1026	5441
1026	5442
1027	5443
1027	5444
1027	5445
1027	5446
1027	5447
1028	5448
1028	5449
1028	5450
1028	5451
1028	5452
1028	5453
1029	5454
1029	5455
1029	5456
1029	5457
1029	5458
1030	5459
1030	5460
1030	5461
1030	5462
1030	5463
1030	5464
1031	5465
1031	5466
1031	5467
1031	5468
1031	5469
1032	5470
1032	5471
1032	5472
1032	5473
1032	5474
1032	5475
1033	5476
1033	5477
1033	5478
1033	5479
1033	5480
1034	5481
1034	5482
1034	5483
1034	5484
1034	5485
1034	5486
1035	5487
1035	5488
1035	5489
1035	5490
1035	5491
1036	5492
1036	5493
1036	5494
1036	5495
1036	5496
1036	5497
1037	5498
1037	5499
1037	5500
1037	5501
1037	5502
1038	5503
1038	5504
1038	5505
1038	5506
1038	5507
1038	5508
1039	5509
1039	5510
1039	5511
1039	5512
1039	5513
1040	5514
1040	5515
1040	5516
1040	5517
1040	5518
1040	5519
1041	5520
1041	5521
1041	5522
1041	5523
1041	5524
1042	5525
1042	5526
1042	5527
1042	5528
1042	5529
1042	5530
1042	5531
1043	5532
1043	5533
1043	5534
1043	5535
1043	5536
1043	5537
1043	5538
1043	5539
1043	5540
1044	5541
1044	5542
1044	5543
1044	5544
1044	5545
1044	5546
1044	5547
1044	5548
1044	5549
1044	5550
1045	5551
1045	5552
1045	5553
1045	5554
1045	5555
1045	5556
1045	5557
1045	5558
1045	5559
1046	5560
1046	5561
1046	5562
1046	5563
1046	5564
1046	5565
1046	5566
1046	5567
1046	5568
1046	5569
1047	5570
1047	5571
1047	5572
1047	5573
1047	5574
1047	5575
1047	5576
1047	5577
1047	5578
1047	5579
1048	5580
1048	5581
1048	5582
1048	5583
1049	5584
1049	5585
1049	5586
1049	5587
1049	5588
1050	5589
1051	5590
1052	5591
1053	5592
1054	5593
1055	5594
1056	5595
1058	5596
1058	5597
1060	5598
1060	5599
1061	5600
1062	5601
1063	5602
1063	5603
1064	5604
1064	5605
1064	5606
1064	5607
1064	5608
1065	5609
1065	5610
1065	5611
1065	5612
1065	5613
1066	5614
1066	5615
1066	5616
1066	5617
1067	5618
1067	5619
1067	5620
1067	5621
1067	5622
1068	5623
1068	5624
1068	5625
1068	5626
1068	5627
1069	5628
1069	5629
1069	5630
1069	5631
1069	5632
1070	5633
1070	5634
1070	5635
1070	5636
1071	5637
1072	5638
1073	5639
1074	5640
1074	5641
1076	5642
1076	5643
1078	5644
1078	5645
1080	5646
1081	5647
1082	5648
1083	5649
1084	5650
1085	5651
1085	5652
1086	5653
1086	5654
1087	5655
1087	5656
1087	5657
1087	5658
1087	5659
1088	5660
1088	5661
1088	5662
1088	5663
1089	5664
1089	5665
1089	5666
1089	5667
1089	5668
1090	5669
1090	5670
1090	5671
1090	5672
1090	5673
1091	5674
1091	5675
1091	5676
1091	5677
1091	5678
1092	5679
1092	5680
1092	5681
1092	5682
1092	5683
1093	5684
1093	5685
1093	5686
1093	5687
1093	5688
1094	5689
1094	5690
1094	5691
1094	5692
1094	5693
1094	5694
1095	5695
1095	5696
1095	5697
1095	5698
1096	5699
1096	5700
1096	5701
1096	5702
1096	5703
1096	5704
1096	5705
1096	5706
1096	5707
1096	5708
1097	5709
1097	5710
1097	5711
1097	5712
1097	5713
1097	5714
1097	5715
1097	5716
1097	5717
1098	5718
1098	5719
1098	5720
1098	5721
1098	5722
1098	5723
1098	5724
1098	5725
1098	5726
1098	5727
1099	5728
1099	5729
1099	5730
1099	5731
1099	5732
1099	5733
1099	5734
1099	5735
1099	5736
1100	5737
1100	5738
1100	5739
1100	5740
1100	5741
1100	5742
1100	5743
1100	5744
1100	5745
1100	5746
1101	5747
1101	5748
1101	5749
1101	5750
1101	5751
1101	5752
1101	5753
1101	5754
1101	5755
1102	5756
1102	5757
1102	5758
1102	5759
1102	5760
1103	5761
1103	5762
1103	5763
1103	5764
1103	5765
1103	5766
1104	5767
1104	5768
1104	5769
1104	5770
1104	5771
1104	5772
1105	5773
1105	5774
1105	5775
1105	5776
1105	5777
1106	5778
1106	5779
1106	5780
1106	5781
1106	5782
1106	5783
1107	5784
1107	5785
1107	5786
1107	5787
1107	5788
1108	5789
1108	5790
1110	5791
1110	5792
1112	5793
1112	5794
1114	5795
1114	5796
1115	5797
1116	5798
1117	5799
1118	5800
1119	5801
1120	5802
1121	5803
1122	5804
1123	5805
1124	5806
1125	5807
1126	5808
1127	5809
1128	5810
1128	5811
1130	5812
1130	5813
1132	5814
1132	5815
1134	5816
1134	5817
1136	5818
1136	5819
1138	5820
1138	5821
1140	5822
1140	5823
1141	5824
1141	5825
1142	5826
1142	5827
1142	5828
1142	5829
1142	5830
1143	5831
1143	5832
1143	5833
1143	5834
1143	5835
1144	5836
1144	5837
1144	5838
1144	5839
1144	5840
1145	5841
1145	5842
1145	5843
1145	5844
1145	5845
1145	5846
1146	5847
1146	5848
1146	5849
1146	5850
1146	5851
1147	5852
1147	5853
1147	5854
1147	5855
1147	5856
1147	5857
1148	5858
1148	5859
1148	5860
1148	5861
1149	5862
1149	5863
1149	5864
1149	5865
1149	5866
1149	5867
1150	5868
1150	5869
1150	5870
1150	5871
1150	5872
1150	5873
1151	5874
1151	5875
1151	5876
1151	5877
1151	5878
1152	5879
1152	5880
1152	5881
1152	5882
1152	5883
1153	5884
1153	5885
1153	5886
1153	5887
1153	5888
1154	5889
1154	5890
1154	5891
1154	5892
1154	5893
1156	5894
1156	5895
1157	5896
1158	5897
1158	5898
1158	5899
1158	5900
1158	5901
1158	5902
1159	5903
1159	5904
1159	5905
1159	5906
1160	5907
1160	5908
1160	5909
1160	5910
1160	5911
1161	5912
1161	5913
1161	5914
1161	5915
1162	5916
1162	5917
1162	5918
1162	5919
1162	5920
1163	5921
1163	5922
1163	5923
1163	5924
1163	5925
1164	5926
1164	5927
1164	5928
1164	5929
1164	5930
1164	5931
1164	5932
1164	5933
1164	5934
1165	5935
1165	5936
1165	5937
1165	5938
1165	5939
1165	5940
1165	5941
1165	5942
1166	5943
1166	5944
1166	5945
1166	5946
1166	5947
1166	5948
1166	5949
1166	5950
1167	5951
1167	5952
1167	5953
1167	5954
1167	5955
1167	5956
1167	5957
1167	5958
1167	5959
1168	5960
1168	5961
1168	5962
1168	5963
1168	5964
1168	5965
1168	5966
1168	5967
1168	5968
1169	5969
1169	5970
1169	5971
1169	5972
1169	5973
1169	5974
1169	5975
1169	5976
1169	5977
1169	5978
1170	5979
1170	5980
1170	5981
1170	5982
1170	5983
1170	5984
1170	5985
1170	5986
1170	5987
1171	5988
1171	5989
1171	5990
1171	5991
1171	5992
1171	5993
1171	5994
1171	5995
1171	5996
1171	5997
1172	5998
1172	5999
1172	6000
1172	6001
1172	6002
1172	6003
1172	6004
1172	6005
1172	6006
1173	6007
1173	6008
1173	6009
1173	6010
1173	6011
1173	6012
1173	6013
1173	6014
1173	6015
1174	6016
1174	6017
1174	6018
1174	6019
1174	6020
1174	6021
1174	6022
1174	6023
1174	6024
1174	6025
1175	6026
1175	6027
1175	6028
1175	6029
1175	6030
1175	6031
1175	6032
1175	6033
1175	6034
1175	6035
1176	6036
1176	6037
1176	6038
1176	6039
1176	6040
1176	6041
1176	6042
1176	6043
1177	6044
1177	6045
1177	6046
1177	6047
1177	6048
1177	6049
1177	6050
1177	6051
1177	6052
1177	6053
1178	6054
1178	6055
1178	6056
1178	6057
1178	6058
1178	6059
1178	6060
1178	6061
1179	6062
1179	6063
1179	6064
1179	6065
1179	6066
1179	6067
1179	6068
1179	6069
1179	6070
1179	6071
1179	6072
1180	6073
1180	6074
1180	6075
1180	6076
1180	6077
1180	6078
1180	6079
1180	6080
1181	6081
1181	6082
1181	6083
1181	6084
1181	6085
1181	6086
1181	6087
1181	6088
1181	6089
1181	6090
1181	6091
1182	6092
1182	6093
1182	6094
1182	6095
1182	6096
1182	6097
1182	6098
1182	6099
1182	6100
1183	6101
1183	6102
1183	6103
1183	6104
1183	6105
1183	6106
1183	6107
1183	6108
1184	6109
1184	6110
1184	6111
1184	6112
1184	6113
1184	6114
1184	6115
1184	6116
1184	6117
1184	6118
1185	6119
1185	6120
1185	6121
1185	6122
1185	6123
1185	6124
1185	6125
1185	6126
1186	6127
1186	6128
1186	6129
1186	6130
1186	6131
1186	6132
1186	6133
1186	6134
1186	6135
1186	6136
1186	6137
1187	6138
1187	6139
1187	6140
1187	6141
1187	6142
1187	6143
1187	6144
1187	6145
1188	6146
1188	6147
1188	6148
1188	6149
1188	6150
1188	6151
1188	6152
1188	6153
1188	6154
1188	6155
1188	6156
1189	6157
1189	6158
1189	6159
1189	6160
1189	6161
1189	6162
1189	6163
1190	6164
1190	6165
1190	6166
1190	6167
1190	6168
1190	6169
1190	6170
1191	6171
1191	6172
1191	6173
1191	6174
1191	6175
1192	6176
1192	6177
1192	6178
1192	6179
1192	6180
1193	6181
1193	6182
1193	6183
1193	6184
1193	6185
1193	6186
1194	6187
1194	6188
1194	6189
1194	6190
1194	6191
1195	6192
1195	6193
1195	6194
1195	6195
1195	6196
1195	6197
1196	6198
1196	6199
1196	6200
1196	6201
1196	6202
1197	6203
1197	6204
1197	6205
1197	6206
1197	6207
1198	6208
1198	6209
1198	6210
1198	6211
1198	6212
1198	6213
1199	6214
1199	6215
1199	6216
1199	6217
1199	6218
1200	6219
1200	6220
1200	6221
1200	6222
1200	6223
1201	6224
1201	6225
1201	6226
1201	6227
1201	6228
1201	6229
1202	6230
1202	6231
1202	6232
1202	6233
1202	6234
1203	6235
1203	6236
1203	6237
1203	6238
1203	6239
1204	6240
1204	6241
1204	6242
1204	6243
1204	6244
1204	6245
1205	6246
1205	6247
1205	6248
1205	6249
1205	6250
1206	6251
1206	6252
1206	6253
1206	6254
1206	6255
1206	6256
1207	6257
1207	6258
1207	6259
1207	6260
1207	6261
1208	6262
1208	6263
1208	6264
1208	6265
1208	6266
1208	6267
1209	6268
1209	6269
1209	6270
1209	6271
1209	6272
1210	6273
1210	6274
1210	6275
1210	6276
1210	6277
1211	6278
1211	6279
1211	6280
1211	6281
1211	6282
1211	6283
1211	6284
1212	6285
1212	6286
1212	6287
1212	6288
1213	6289
1213	6290
1213	6291
1213	6292
1213	6293
1213	6294
1214	6295
1214	6296
1214	6297
1214	6298
1214	6299
1215	6300
1215	6301
1215	6302
1215	6303
1215	6304
1215	6305
1216	6306
1216	6307
1216	6308
1216	6309
1217	6310
1217	6311
1217	6312
1217	6313
1217	6314
1217	6315
1217	6316
1218	6317
1218	6318
1218	6319
1218	6320
1219	6321
1219	6322
1219	6323
1219	6324
1219	6325
1219	6326
1219	6327
1220	6328
1220	6329
1220	6330
1220	6331
1221	6332
1221	6333
1221	6334
1221	6335
1221	6336
1221	6337
1222	6338
1222	6339
1222	6340
1222	6341
1222	6342
1222	6343
1223	6344
1223	6345
1223	6346
1223	6347
1223	6348
1224	6349
1224	6350
1224	6351
1224	6352
1224	6353
1224	6354
1225	6355
1225	6356
1225	6357
1225	6358
1225	6359
1225	6360
1225	6361
1225	6362
1225	6363
1225	6364
1226	6365
1226	6366
1226	6367
1226	6368
1226	6369
1226	6370
1226	6371
1226	6372
1226	6373
1226	6374
1226	6375
1226	6376
1226	6377
1226	6378
1227	6379
1227	6380
1227	6381
1227	6382
1227	6383
1227	6384
1227	6385
1227	6386
1227	6387
1227	6388
1227	6389
1227	6390
1227	6391
1228	6392
1228	6393
1228	6394
1228	6395
1228	6396
1228	6397
1228	6398
1228	6399
1228	6400
1228	6401
1228	6402
1228	6403
1228	6404
1229	6405
1229	6406
1229	6407
1229	6408
1229	6409
1229	6410
1229	6411
1229	6412
1229	6413
1229	6414
1229	6415
1229	6416
1229	6417
1229	6418
1230	6419
1230	6420
1230	6421
1230	6422
1230	6423
1230	6424
1230	6425
1230	6426
1230	6427
1230	6428
1230	6429
1230	6430
1230	6431
1231	6432
1231	6433
1231	6434
1231	6435
1231	6436
1231	6437
1231	6438
1231	6439
1231	6440
1231	6441
1231	6442
1231	6443
1231	6444
1231	6445
1232	6446
1232	6447
1232	6448
1232	6449
1232	6450
1232	6451
1232	6452
1232	6453
1232	6454
1232	6455
1232	6456
1232	6457
1232	6458
1233	6459
1233	6460
1233	6461
1233	6462
1233	6463
1233	6464
1233	6465
1233	6466
1233	6467
1233	6468
1233	6469
1233	6470
1233	6471
1233	6472
1234	6473
1234	6474
1234	6475
1234	6476
1234	6477
1234	6478
1234	6479
1234	6480
1234	6481
1234	6482
1234	6483
1234	6484
1235	6485
1235	6486
1235	6487
1235	6488
1235	6489
1235	6490
1235	6491
1235	6492
1235	6493
1235	6494
1235	6495
1235	6496
1235	6497
1235	6498
1236	6499
1236	6500
1236	6501
1236	6502
1236	6503
1236	6504
1236	6505
1236	6506
1236	6507
1236	6508
1236	6509
1236	6510
1236	6511
1236	6512
1237	6513
1237	6514
1237	6515
1237	6516
1237	6517
1237	6518
1237	6519
1237	6520
1238	6521
1238	6522
1238	6523
1238	6524
1238	6525
1238	6526
1238	6527
1238	6528
1239	6529
1239	6530
1239	6531
1239	6532
1239	6533
1239	6534
1240	6535
1240	6536
1240	6537
1240	6538
1241	6539
1241	6540
1241	6541
1241	6542
1241	6543
1241	6544
1242	6545
1242	6546
1242	6547
1242	6548
1242	6549
1243	6550
1243	6551
1243	6552
1243	6553
1243	6554
1243	6555
1244	6556
1244	6557
1244	6558
1244	6559
1245	6560
1245	6561
1245	6562
1245	6563
1245	6564
1245	6565
1245	6566
1246	6567
1246	6568
1246	6569
1246	6570
1247	6571
1247	6572
1247	6573
1247	6574
1247	6575
1247	6576
1247	6577
1248	6578
1248	6579
1248	6580
1248	6581
1249	6582
1249	6583
1249	6584
1249	6585
1249	6586
1249	6587
1249	6588
1250	6589
1250	6590
1250	6591
1250	6592
1251	6593
1251	6594
1251	6595
1251	6596
1251	6597
1251	6598
1251	6599
1252	6600
1252	6601
1252	6602
1252	6603
1252	6604
1253	6605
1253	6606
1253	6607
1253	6608
1253	6609
1253	6610
1254	6611
1254	6612
1254	6613
1254	6614
1254	6615
1255	6616
1255	6617
1255	6618
1255	6619
1255	6620
1255	6621
1256	6622
1256	6623
1256	6624
1256	6625
1256	6626
1257	6627
1257	6628
1257	6629
1257	6630
1257	6631
1258	6632
1258	6633
1258	6634
1258	6635
1258	6636
1258	6637
1258	6638
1259	6639
1259	6640
1259	6641
1259	6642
1260	6643
1260	6644
1260	6645
1260	6646
1260	6647
1260	6648
1260	6649
1261	6650
1261	6651
1261	6652
1261	6653
1262	6654
1262	6655
1262	6656
1262	6657
1262	6658
1262	6659
1262	6660
1262	6661
1263	6662
1263	6663
1263	6664
1263	6665
1263	6666
1263	6667
1263	6668
1263	6669
1264	6670
1264	6671
1264	6672
1264	6673
1264	6674
1264	6675
1264	6676
1264	6677
1264	6678
1264	6679
1264	6680
1265	6681
1265	6682
1265	6683
1265	6684
1265	6685
1265	6686
1265	6687
1265	6688
1265	6689
1265	6690
1266	6691
1266	6692
1266	6693
1266	6694
1266	6695
1266	6696
1266	6697
1266	6698
1266	6699
1267	6700
1267	6701
1267	6702
1267	6703
1267	6704
1267	6705
1267	6706
1267	6707
1267	6708
1268	6709
1268	6710
1268	6711
1268	6712
1268	6713
1268	6714
1268	6715
1268	6716
1268	6717
1268	6718
1269	6719
1269	6720
1269	6721
1269	6722
1269	6723
1269	6724
1269	6725
1269	6726
1269	6727
1270	6728
1270	6729
1270	6730
1270	6731
1270	6732
1270	6733
1270	6734
1270	6735
1270	6736
1270	6737
1270	6738
1271	6739
1271	6740
1271	6741
1271	6742
1271	6743
1271	6744
1271	6745
1271	6746
1271	6747
1271	6748
1272	6749
1272	6750
1272	6751
1272	6752
1272	6753
1272	6754
1272	6755
1272	6756
1272	6757
1273	6758
1273	6759
1273	6760
1273	6761
1273	6762
1273	6763
1273	6764
1273	6765
1273	6766
1273	6767
1274	6768
1274	6769
1274	6770
1274	6771
1274	6772
1274	6773
1274	6774
1274	6775
1274	6776
1275	6777
1275	6778
1275	6779
1275	6780
1275	6781
1275	6782
1275	6783
1275	6784
1275	6785
1276	6786
1276	6787
1276	6788
1276	6789
1276	6790
1276	6791
1276	6792
1276	6793
1277	6794
1277	6795
1277	6796
1277	6797
1277	6798
1277	6799
1278	6800
1278	6801
1278	6802
1278	6803
1278	6804
1279	6805
1279	6806
1279	6807
1279	6808
1279	6809
1279	6810
1280	6811
1280	6812
1280	6813
1280	6814
1280	6815
1280	6816
1281	6817
1281	6818
1281	6819
1281	6820
1281	6821
1281	6822
1282	6823
1282	6824
1282	6825
1282	6826
1282	6827
1283	6828
1283	6829
1283	6830
1283	6831
1283	6832
1283	6833
1284	6834
1284	6835
1284	6836
1284	6837
1284	6838
1285	6839
1285	6840
1285	6841
1285	6842
1285	6843
1286	6844
1286	6845
1286	6846
1286	6847
1286	6848
1286	6849
1287	6850
1287	6851
1287	6852
1287	6853
1288	6854
1288	6855
1288	6856
1289	6857
1289	6858
1289	6859
1290	6860
1290	6861
1290	6862
1290	6863
1290	6864
1290	6865
1291	6866
1291	6867
1291	6868
1291	6869
1291	6870
1291	6871
1291	6872
1291	6873
1291	6874
1292	6875
1292	6876
1292	6877
1292	6878
1292	6879
1292	6880
1292	6881
1292	6882
1292	6883
1292	6884
1293	6885
1293	6886
1293	6887
1293	6888
1293	6889
1293	6890
1293	6891
1293	6892
1293	6893
1294	6894
1294	6895
1294	6896
1294	6897
1294	6898
1294	6899
1294	6900
1294	6901
1294	6902
1294	6903
1294	6904
1295	6905
1295	6906
1295	6907
1295	6908
1295	6909
1295	6910
1295	6911
1295	6912
1295	6913
1296	6914
1296	6915
1296	6916
1296	6917
1296	6918
1296	6919
1296	6920
1296	6921
1296	6922
1296	6923
1296	6924
1297	6925
1297	6926
1297	6927
1297	6928
1297	6929
1297	6930
1297	6931
1297	6932
1297	6933
1298	6934
1298	6935
1298	6936
1298	6937
1298	6938
1298	6939
1298	6940
1298	6941
1298	6942
1298	6943
1298	6944
1299	6945
1299	6946
1299	6947
1299	6948
1299	6949
1299	6950
1299	6951
1299	6952
1299	6953
1300	6954
1300	6955
1300	6956
1300	6957
1300	6958
1300	6959
1300	6960
1300	6961
1300	6962
1300	6963
1300	6964
1301	6965
1301	6966
1301	6967
1301	6968
1301	6969
1301	6970
1301	6971
1301	6972
1301	6973
1302	6974
1302	6975
1302	6976
1302	6977
1302	6978
1302	6979
1302	6980
1302	6981
1302	6982
1302	6983
1302	6984
1303	6985
1303	6986
1303	6987
1303	6988
1303	6989
1303	6990
1304	6991
1304	6992
1304	6993
1304	6994
1304	6995
1305	6996
1305	6997
1305	6998
1305	6999
1305	7000
1305	7001
1306	7002
1306	7003
1306	7004
1306	7005
1306	7006
1307	7007
1307	7008
1307	7009
1307	7010
1307	7011
1307	7012
1308	7013
1308	7014
1308	7015
1308	7016
1308	7017
1308	7018
1309	7019
1309	7020
1309	7021
1309	7022
1309	7023
1310	7024
1310	7025
1310	7026
1310	7027
1310	7028
1310	7029
1310	7030
1311	7031
1311	7032
1311	7033
1311	7034
1311	7035
1311	7036
1311	7037
1311	7038
1311	7039
1312	7040
1312	7041
1312	7042
1312	7043
1312	7044
1312	7045
1312	7046
1312	7047
1312	7048
1313	7049
1313	7050
1313	7051
1313	7052
1313	7053
1313	7054
1313	7055
1313	7056
1313	7057
1313	7058
1314	7059
1314	7060
1314	7061
1314	7062
1314	7063
1314	7064
1314	7065
1314	7066
1314	7067
1314	7068
1315	7069
1315	7070
1315	7071
1315	7072
1315	7073
1315	7074
1315	7075
1315	7076
1315	7077
1316	7078
1316	7079
1316	7080
1316	7081
1316	7082
1316	7083
1316	7084
1316	7085
1316	7086
1316	7087
1316	7088
1317	7089
1317	7090
1317	7091
1317	7092
1317	7093
1317	7094
1317	7095
1317	7096
1317	7097
1318	7098
1318	7099
1318	7100
1318	7101
1318	7102
1318	7103
1318	7104
1318	7105
1318	7106
1318	7107
1319	7108
1319	7109
1319	7110
1319	7111
1319	7112
1319	7113
1319	7114
1319	7115
1319	7116
1319	7117
1320	7118
1320	7119
1320	7120
1320	7121
1320	7122
1320	7123
1320	7124
1320	7125
1320	7126
1320	7127
1320	7128
1321	7129
1321	7130
1321	7131
1321	7132
1321	7133
1321	7134
1321	7135
1321	7136
1322	7137
1322	7138
1322	7139
1322	7140
1322	7141
1322	7142
1322	7143
1322	7144
1322	7145
1323	7146
1323	7147
1323	7148
1323	7149
1323	7150
1323	7151
1323	7152
1323	7153
1323	7154
1323	7155
1324	7156
1324	7157
1324	7158
1324	7159
1324	7160
1325	7161
1325	7162
1325	7163
1325	7164
1325	7165
1325	7166
1326	7167
1326	7168
1326	7169
1326	7170
1327	7171
1327	7172
1327	7173
1327	7174
1327	7175
1327	7176
1327	7177
1328	7178
1328	7179
1328	7180
1328	7181
1328	7182
1329	7183
1329	7184
1329	7185
1329	7186
1329	7187
1329	7188
1330	7189
1330	7190
1330	7191
1330	7192
1330	7193
1331	7194
1331	7195
1331	7196
1331	7197
1331	7198
1331	7199
1332	7200
1332	7201
1332	7202
1332	7203
1332	7204
1332	7205
1333	7206
1333	7207
1333	7208
1333	7209
1333	7210
1333	7211
1334	7212
1334	7213
1334	7214
1334	7215
1334	7216
1335	7217
1335	7218
1335	7219
1335	7220
1335	7221
1335	7222
1336	7223
1336	7224
1336	7225
1336	7226
1336	7227
1336	7228
1337	7229
1337	7230
1337	7231
1337	7232
1337	7233
1338	7234
1338	7235
1338	7236
1338	7237
1338	7238
1339	7239
1339	7240
1339	7241
1339	7242
1339	7243
1340	7244
1340	7245
1340	7246
1340	7247
1340	7248
1340	7249
1341	7250
1341	7251
1341	7252
1341	7253
1341	7254
1341	7255
1342	7256
1342	7257
1342	7258
1342	7259
1342	7260
1343	7261
1343	7262
1343	7263
1343	7264
1343	7265
1343	7266
1343	7267
1344	7268
1344	7269
1344	7270
1344	7271
1344	7272
1345	7273
1345	7274
1345	7275
1345	7276
1345	7277
1345	7278
1346	7279
1346	7280
1346	7281
1346	7282
1347	7283
1347	7284
1347	7285
1347	7286
1347	7287
1347	7288
1347	7289
1348	7290
1348	7291
1348	7292
1348	7293
1348	7294
1349	7295
1349	7296
1349	7297
1349	7298
1349	7299
1349	7300
1349	7301
1350	7302
1350	7303
1350	7304
1350	7305
1350	7306
1350	7307
1350	7308
1350	7309
1350	7310
1350	7311
1351	7312
1351	7313
1351	7314
1351	7315
1351	7316
1351	7317
1351	7318
1351	7319
1351	7320
1351	7321
1352	7322
1352	7323
1352	7324
1352	7325
1352	7326
1352	7327
1352	7328
1352	7329
1352	7330
1353	7331
1353	7332
1353	7333
1353	7334
1353	7335
1353	7336
1353	7337
1353	7338
1353	7339
1353	7340
1353	7341
1353	7342
1353	7343
1353	7344
1353	7345
1354	7346
1354	7347
1354	7348
1354	7349
1354	7350
1354	7351
1354	7352
1354	7353
1354	7354
1354	7355
1354	7356
1354	7357
1354	7358
1355	7359
1355	7360
1355	7361
1355	7362
1355	7363
1355	7364
1355	7365
1355	7366
1355	7367
1355	7368
1355	7369
1355	7370
1355	7371
1355	7372
1355	7373
1356	7374
1356	7375
1356	7376
1356	7377
1356	7378
1356	7379
1356	7380
1356	7381
1356	7382
1356	7383
1356	7384
1356	7385
1356	7386
1357	7387
1357	7388
1357	7389
1357	7390
1357	7391
1357	7392
1357	7393
1357	7394
1357	7395
1357	7396
1357	7397
1357	7398
1357	7399
1357	7400
1358	7401
1358	7402
1358	7403
1358	7404
1358	7405
1358	7406
1358	7407
1358	7408
1358	7409
1358	7410
1358	7411
1358	7412
1358	7413
1358	7414
1359	7415
1359	7416
1359	7417
1359	7418
1359	7419
1359	7420
1359	7421
1359	7422
1359	7423
1359	7424
1359	7425
1359	7426
1359	7427
1359	7428
1360	7429
1360	7430
1360	7431
1360	7432
1360	7433
1360	7434
1360	7435
1360	7436
1360	7437
1360	7438
1360	7439
1360	7440
1360	7441
1360	7442
1360	7443
1361	7444
1361	7445
1361	7446
1361	7447
1361	7448
1361	7449
1361	7450
1361	7451
1361	7452
1361	7453
1361	7454
1361	7455
1361	7456
1361	7457
1362	7458
1362	7459
1362	7460
1362	7461
1362	7462
1362	7463
1362	7464
1362	7465
1362	7466
1362	7467
1362	7468
1362	7469
1362	7470
1363	7471
1363	7472
1363	7473
1363	7474
1363	7475
1363	7476
1363	7477
1363	7478
1363	7479
1364	7480
1364	7481
1364	7482
1364	7483
1364	7484
1364	7485
1364	7486
1364	7487
1364	7488
1364	7489
1365	7490
1365	7491
1365	7492
1365	7493
1365	7494
1366	7495
1366	7496
1366	7497
1366	7498
1366	7499
1366	7500
1366	7501
1367	7502
1367	7503
1367	7504
1367	7505
1367	7506
1368	7507
1368	7508
1368	7509
1368	7510
1368	7511
1368	7512
1369	7513
1369	7514
1369	7515
1369	7516
1369	7517
1370	7518
1370	7519
1370	7520
1370	7521
1370	7522
1371	7523
1371	7524
1371	7525
1371	7526
1371	7527
1371	7528
1372	7529
1372	7530
1372	7531
1372	7532
1372	7533
1372	7534
1373	7535
1373	7536
1373	7537
1373	7538
1373	7539
1374	7540
1374	7541
1374	7542
1374	7543
1374	7544
1374	7545
1375	7546
1375	7547
1375	7548
1375	7549
1375	7550
1376	7551
1376	7552
1376	7553
1376	7554
1376	7555
1376	7556
1377	7557
1377	7558
1377	7559
1377	7560
1377	7561
1378	7562
1378	7563
1378	7564
1378	7565
1378	7566
1378	7567
1379	7568
1379	7569
1379	7570
1379	7571
1379	7572
1379	7573
1380	7574
1380	7575
1380	7576
1380	7577
1380	7578
1381	7579
1381	7580
1381	7581
1381	7582
1381	7583
1381	7584
1382	7585
1382	7586
1382	7587
1382	7588
1382	7589
1383	7590
1383	7591
1383	7592
1383	7593
1383	7594
1383	7595
1383	7596
1384	7597
1384	7598
1384	7599
1384	7600
1384	7601
1385	7602
1385	7603
1385	7604
1385	7605
1385	7606
1385	7607
1386	7608
1386	7609
1386	7610
1386	7611
1386	7612
1386	7613
1387	7614
1387	7615
1387	7616
1387	7617
1388	7618
1388	7619
1388	7620
1388	7621
1388	7622
1388	7623
1388	7624
1389	7625
1389	7626
1389	7627
1389	7628
1389	7629
1389	7630
1390	7631
1390	7632
1390	7633
1390	7634
1390	7635
1391	7636
1391	7637
1391	7638
1391	7639
1391	7640
1391	7641
1392	7642
1392	7643
1392	7644
1392	7645
1392	7646
1393	7647
1393	7648
1393	7649
1393	7650
1393	7651
1393	7652
1394	7653
1394	7654
1394	7655
1394	7656
1394	7657
1395	7658
1395	7659
1395	7660
1395	7661
1395	7662
1395	7663
1396	7664
1396	7665
1396	7666
1396	7667
1396	7668
1396	7669
1396	7670
1397	7671
1397	7672
1397	7673
1397	7674
1397	7675
1397	7676
1397	7677
1397	7678
1397	7679
1397	7680
1398	7681
1398	7682
1398	7683
1398	7684
1398	7685
1398	7686
1398	7687
1398	7688
1398	7689
1398	7690
1399	7691
1399	7692
1399	7693
1399	7694
1399	7695
1399	7696
1399	7697
1399	7698
1399	7699
1399	7700
1400	7701
1400	7702
1400	7703
1400	7704
1400	7705
1400	7706
1400	7707
1400	7708
1400	7709
1401	7710
1401	7711
1401	7712
1401	7713
1401	7714
1401	7715
1401	7716
1401	7717
1401	7718
1401	7719
1401	7720
1402	7721
1402	7722
1402	7723
1402	7724
1402	7725
1402	7726
1402	7727
1402	7728
1402	7729
1403	7730
1403	7731
1403	7732
1403	7733
1403	7734
1403	7735
1403	7736
1403	7737
1403	7738
1403	7739
1404	7740
1404	7741
1404	7742
1404	7743
1404	7744
1404	7745
1404	7746
1404	7747
1404	7748
1404	7749
1405	7750
1405	7751
1405	7752
1405	7753
1405	7754
1405	7755
1405	7756
1405	7757
1405	7758
1406	7759
1406	7760
1406	7761
1406	7762
1406	7763
1406	7764
1406	7765
1406	7766
1406	7767
1406	7768
1406	7769
1407	7770
1407	7771
1407	7772
1407	7773
1407	7774
1407	7775
1407	7776
1407	7777
1408	7778
1408	7779
1408	7780
1408	7781
1408	7782
1408	7783
1408	7784
1408	7785
1408	7786
1408	7787
1409	7788
1409	7789
1409	7790
1409	7791
1409	7792
1409	7793
1409	7794
1409	7795
1409	7796
1410	7797
1410	7798
1410	7799
1410	7800
1410	7801
1410	7802
1410	7803
1410	7804
1410	7805
1410	7806
1410	7807
1411	7808
1411	7809
1411	7810
1411	7811
1411	7812
1411	7813
1411	7814
1411	7815
1411	7816
1411	7817
1412	7818
1412	7819
1412	7820
1412	7821
1412	7822
1412	7823
1412	7824
1412	7825
1412	7826
1413	7827
1413	7828
1413	7829
1413	7830
1413	7831
1413	7832
1413	7833
1413	7834
1413	7835
1413	7836
1414	7837
1414	7838
1414	7839
1414	7840
1414	7841
1414	7842
1414	7843
1414	7844
1414	7845
1415	7846
1415	7847
1415	7848
1415	7849
1415	7850
1415	7851
1415	7852
1415	7853
1415	7854
1415	7855
1416	7856
1416	7857
1416	7858
1416	7859
1416	7860
1416	7861
1416	7862
1416	7863
1416	7864
1416	7865
1416	7866
1417	7867
1417	7868
1417	7869
1417	7870
1417	7871
1417	7872
1417	7873
1418	7874
1418	7875
1418	7876
1418	7877
1418	7878
1419	7879
1419	7880
1419	7881
1419	7882
1419	7883
1419	7884
1419	7885
1419	7886
1419	7887
1419	7888
1419	7889
1420	7890
1420	7891
1420	7892
1420	7893
1420	7894
1420	7895
1420	7896
1420	7897
1421	7898
1421	7899
1421	7900
1421	7901
1421	7902
1421	7903
1421	7904
1421	7905
1421	7906
1421	7907
1421	7908
1421	7909
1422	7910
1422	7911
1422	7912
1422	7913
1422	7914
1422	7915
1422	7916
1422	7917
1423	7918
1423	7919
1423	7920
1423	7921
1423	7922
1423	7923
1423	7924
1423	7925
1423	7926
1423	7927
1423	7928
1424	7929
1424	7930
1424	7931
1424	7932
1424	7933
1424	7934
1424	7935
1424	7936
1424	7937
1425	7938
1425	7939
1425	7940
1425	7941
1425	7942
1425	7943
1425	7944
1425	7945
1425	7946
1425	7947
1426	7948
1426	7949
1426	7950
1426	7951
1426	7952
1426	7953
1426	7954
1426	7955
1426	7956
1427	7957
1427	7958
1427	7959
1427	7960
1427	7961
1427	7962
1427	7963
1427	7964
1427	7965
1427	7966
1428	7967
1428	7968
1428	7969
1428	7970
1428	7971
1428	7972
1428	7973
1428	7974
1428	7975
1428	7976
1429	7977
1429	7978
1429	7979
1429	7980
1429	7981
1429	7982
1429	7983
1429	7984
1429	7985
1429	7986
1429	7987
1430	7988
1430	7989
1430	7990
1430	7991
1430	7992
1430	7993
1430	7994
1430	7995
1430	7996
1431	7997
1431	7998
1431	7999
1431	8000
1431	8001
1431	8002
1432	8003
1432	8004
1432	8005
1432	8006
1432	8007
1433	8008
1433	8009
1433	8010
1433	8011
1433	8012
1433	8013
1434	8014
1434	8015
1434	8016
1434	8017
1434	8018
1435	8019
1435	8020
1435	8021
1435	8022
1435	8023
1435	8024
1436	8025
1436	8026
1436	8027
1436	8028
1436	8029
1436	8030
1437	8031
1437	8032
1437	8033
1437	8034
1437	8035
1437	8036
1438	8037
1438	8038
1438	8039
1438	8040
1438	8041
1439	8042
1439	8043
1439	8044
1439	8045
1439	8046
1439	8047
1439	8048
1440	8049
1440	8050
1440	8051
1440	8052
1440	8053
1441	8054
1441	8055
1441	8056
1441	8057
1441	8058
1441	8059
1442	8060
1442	8061
1442	8062
1442	8063
1442	8064
1443	8065
1443	8066
1443	8067
1443	8068
1443	8069
1443	8070
1443	8071
1444	8072
1444	8073
1444	8074
1444	8075
1445	8076
1445	8077
1445	8078
1445	8079
1445	8080
1445	8081
1445	8082
1446	8083
1446	8084
1446	8085
1446	8086
1447	8087
1447	8088
1447	8089
1447	8090
1447	8091
1447	8092
1447	8093
1448	8094
1448	8095
1448	8096
1448	8097
1449	8098
1449	8099
1449	8100
1449	8101
1449	8102
1449	8103
1449	8104
1450	8105
1450	8106
1450	8107
1450	8108
1450	8109
1451	8110
1451	8111
1451	8112
1451	8113
1451	8114
1451	8115
1452	8116
1452	8117
1452	8118
1452	8119
1452	8120
1453	8121
1453	8122
1453	8123
1453	8124
1453	8125
1453	8126
1454	8127
1454	8128
1454	8129
1454	8130
1454	8131
1455	8132
1455	8133
1455	8134
1455	8135
1455	8136
1455	8137
1456	8138
1456	8139
1456	8140
1456	8141
1456	8142
1457	8143
1457	8144
1457	8145
1457	8146
1457	8147
1457	8148
1458	8149
1458	8150
1458	8151
1458	8152
1458	8153
1459	8154
1459	8155
1459	8156
1459	8157
1459	8158
1460	8159
1460	8160
1460	8161
1460	8162
1460	8163
1460	8164
1461	8165
1461	8166
1461	8167
1461	8168
1461	8169
1461	8170
1462	8171
1462	8172
1462	8173
1462	8174
1462	8175
1463	8176
1463	8177
1463	8178
1463	8179
1463	8180
1464	8181
1464	8182
1464	8183
1464	8184
1464	8185
1464	8186
1465	8187
1465	8188
1465	8189
1465	8190
1465	8191
1466	8192
1466	8193
1466	8194
1466	8195
1466	8196
1466	8197
1467	8198
1467	8199
1467	8200
1467	8201
1467	8202
1468	8203
1468	8204
1468	8205
1468	8206
1468	8207
1468	8208
1469	8209
1469	8210
1469	8211
1469	8212
1469	8213
1469	8214
1470	8215
1470	8216
1470	8217
1470	8218
1470	8219
1470	8220
1470	8221
1470	8222
1470	8223
1470	8224
1471	8225
1471	8226
1471	8227
1471	8228
1471	8229
1471	8230
1471	8231
1471	8232
1471	8233
1472	8234
1472	8235
1472	8236
1472	8237
1472	8238
1472	8239
1472	8240
1472	8241
1472	8242
1472	8243
1472	8244
1473	8245
1473	8246
1473	8247
1473	8248
1473	8249
1473	8250
1473	8251
1473	8252
1473	8253
1474	8254
1474	8255
1474	8256
1474	8257
1474	8258
1474	8259
1474	8260
1474	8261
1474	8262
1474	8263
1475	8264
1475	8265
1475	8266
1475	8267
1475	8268
1475	8269
1475	8270
1475	8271
1475	8272
1476	8273
1476	8274
1476	8275
1476	8276
1476	8277
1476	8278
1476	8279
1476	8280
1476	8281
1477	8282
1477	8283
1477	8284
1477	8285
1477	8286
1477	8287
1477	8288
1477	8289
1477	8290
1477	8291
1478	8292
1478	8293
1478	8294
1478	8295
1478	8296
1478	8297
1478	8298
1478	8299
1478	8300
1478	8301
1479	8302
1479	8303
1479	8304
1479	8305
1479	8306
1479	8307
1479	8308
1479	8309
1479	8310
1479	8311
1480	8312
1480	8313
1480	8314
1480	8315
1480	8316
1480	8317
1480	8318
1480	8319
1480	8320
1481	8321
1481	8322
1481	8323
1481	8324
1481	8325
1481	8326
1481	8327
1481	8328
1481	8329
1481	8330
1481	8331
1481	8332
1481	8333
1481	8334
1482	8335
1482	8336
1482	8337
1482	8338
1482	8339
1482	8340
1482	8341
1482	8342
1482	8343
1483	8344
1483	8345
1483	8346
1483	8347
1483	8348
1483	8349
1483	8350
1483	8351
1483	8352
1483	8353
1484	8354
1484	8355
1484	8356
1484	8357
1484	8358
1484	8359
1484	8360
1484	8361
1484	8362
1484	8363
1485	8364
1485	8365
1485	8366
1485	8367
1485	8368
1485	8369
1485	8370
1485	8371
1485	8372
1485	8373
1486	8374
1486	8375
1486	8376
1486	8377
1486	8378
1486	8379
1486	8380
1486	8381
1486	8382
1486	8383
1487	8384
1487	8385
1487	8386
1487	8387
1487	8388
1487	8389
1487	8390
1487	8391
1487	8392
1487	8393
1487	8394
1488	8395
1488	8396
1488	8397
1488	8398
1488	8399
1488	8400
1488	8401
1488	8402
1489	8403
1489	8404
1489	8405
1489	8406
1489	8407
1489	8408
1489	8409
1489	8410
1489	8411
1489	8412
1489	8413
1490	8414
1490	8415
1490	8416
1490	8417
1490	8418
1490	8419
1490	8420
1490	8421
1490	8422
1491	8423
1491	8424
1491	8425
1491	8426
1491	8427
1491	8428
1491	8429
1491	8430
1491	8431
1491	8432
1491	8433
1492	8434
1492	8435
1492	8436
1492	8437
1492	8438
1492	8439
1492	8440
1492	8441
1492	8442
1492	8443
1493	8444
1493	8445
1493	8446
1493	8447
1493	8448
1493	8449
1494	8450
1494	8451
1494	8452
1494	8453
1494	8454
1495	8455
1495	8456
1495	8457
1495	8458
1495	8459
1495	8460
1496	8461
1496	8462
1496	8463
1496	8464
1496	8465
1497	8466
1497	8467
1497	8468
1497	8469
1497	8470
1497	8471
1498	8472
1498	8473
1498	8474
1498	8475
1498	8476
1499	8477
1499	8478
1499	8479
1499	8480
1499	8481
1499	8482
1500	8483
1500	8484
1500	8485
1500	8486
1500	8487
1501	8488
1501	8489
1501	8490
1501	8491
1501	8492
1501	8493
1501	8494
1502	8495
1502	8496
1502	8497
1502	8498
1503	8499
1503	8500
1503	8501
1503	8502
1503	8503
1503	8504
1503	8505
1504	8506
1504	8507
1504	8508
1504	8509
1505	8510
1505	8511
1505	8512
1505	8513
1505	8514
1505	8515
1505	8516
1506	8517
1506	8518
1506	8519
1506	8520
1506	8521
1507	8522
1507	8523
1507	8524
1507	8525
1507	8526
1507	8527
1508	8528
1508	8529
1508	8530
1508	8531
1508	8532
1509	8533
1509	8534
1509	8535
1509	8536
1509	8537
1509	8538
1510	8539
1510	8540
1510	8541
1510	8542
1510	8543
1510	8544
1511	8545
1511	8546
1511	8547
1511	8548
1511	8549
1512	8550
1512	8551
1512	8552
1512	8553
1512	8554
1512	8555
1513	8556
1513	8557
1513	8558
1513	8559
1513	8560
1513	8561
1514	8562
1514	8563
1514	8564
1514	8565
1514	8566
1515	8567
1515	8568
1515	8569
1515	8570
1515	8571
1516	8572
1516	8573
1516	8574
1516	8575
1516	8576
1516	8577
1517	8578
1517	8579
1517	8580
1517	8581
1517	8582
1518	8583
1518	8584
1518	8585
1518	8586
1518	8587
1518	8588
1519	8589
1519	8590
1519	8591
1519	8592
1519	8593
1519	8594
1520	8595
1520	8596
1520	8597
1520	8598
1520	8599
1521	8600
1521	8601
1521	8602
1521	8603
1521	8604
1521	8605
1521	8606
1522	8607
1522	8608
1522	8609
1522	8610
1523	8611
1523	8612
1523	8613
1523	8614
1523	8615
1523	8616
1523	8617
1524	8618
1524	8619
1524	8620
1524	8621
1524	8622
1525	8623
1525	8624
1525	8625
1525	8626
1525	8627
1525	8628
1526	8629
1526	8630
1526	8631
1526	8632
1527	8633
1527	8634
1527	8635
1527	8636
1527	8637
1527	8638
1528	8639
1528	8640
1528	8641
1528	8642
1528	8643
1529	8644
1529	8645
1529	8646
1529	8647
1529	8648
1530	8649
1530	8650
1530	8651
1530	8652
1530	8653
1530	8654
1530	8655
1531	8656
1531	8657
1531	8658
1531	8659
1532	8660
1532	8661
1532	8662
1532	8663
1532	8664
1532	8665
1532	8666
1533	8667
1533	8668
1533	8669
1533	8670
1533	8671
1534	8672
1534	8673
1534	8674
1534	8675
1534	8676
1534	8677
1534	8678
1534	8679
1534	8680
1534	8681
1535	8682
1535	8683
1535	8684
1535	8685
1535	8686
1535	8687
1535	8688
1535	8689
1535	8690
1536	8691
1536	8692
1536	8693
1536	8694
1536	8695
1536	8696
1536	8697
1536	8698
1536	8699
1537	8700
1537	8701
1537	8702
1537	8703
1537	8704
1537	8705
1537	8706
1537	8707
1537	8708
1538	8709
1538	8710
1538	8711
1538	8712
1538	8713
1538	8714
1538	8715
1538	8716
1538	8717
1538	8718
1538	8719
1539	8720
1539	8721
1539	8722
1539	8723
1539	8724
1539	8725
1539	8726
1539	8727
1539	8728
1539	8729
1540	8730
1540	8731
1540	8732
1540	8733
1540	8734
1540	8735
1540	8736
1540	8737
1540	8738
1541	8739
1541	8740
1541	8741
1541	8742
1541	8743
1541	8744
1541	8745
1541	8746
1541	8747
1541	8748
1541	8749
1542	8750
1542	8751
1542	8752
1542	8753
1542	8754
1542	8755
1542	8756
1542	8757
1542	8758
1543	8759
1543	8760
1543	8761
1543	8762
1543	8763
1543	8764
1543	8765
1543	8766
1543	8767
1543	8768
1543	8769
1544	8770
1544	8771
1544	8772
1544	8773
1544	8774
1544	8775
1544	8776
1544	8777
1544	8778
1545	8779
1545	8780
1545	8781
1545	8782
1545	8783
1545	8784
1545	8785
1545	8786
1545	8787
1546	8788
1546	8789
1546	8790
1546	8791
1546	8792
1547	8793
1547	8794
1547	8795
1547	8796
1547	8797
1547	8798
1547	8799
1547	8800
1547	8801
1547	8802
1547	8803
1548	8804
1548	8805
1548	8806
1548	8807
1548	8808
1548	8809
1548	8810
1548	8811
1548	8812
1548	8813
1549	8814
1549	8815
1549	8816
1549	8817
1549	8818
1549	8819
1549	8820
1549	8821
1549	8822
1549	8823
1549	8824
1550	8825
1550	8826
1550	8827
1550	8828
1550	8829
1550	8830
1550	8831
1550	8832
1550	8833
1550	8834
1551	8835
1551	8836
1551	8837
1551	8838
1551	8839
1551	8840
1551	8841
1551	8842
1551	8843
1551	8844
1552	8845
1552	8846
1552	8847
1552	8848
1552	8849
1552	8850
1552	8851
1552	8852
1552	8853
1552	8854
1553	8855
1553	8856
1553	8857
1553	8858
1553	8859
1553	8860
1553	8861
1553	8862
1553	8863
1553	8864
1553	8865
1554	8866
1554	8867
1554	8868
1554	8869
1554	8870
1554	8871
1554	8872
1554	8873
1554	8874
1554	8875
1555	8876
1555	8877
1555	8878
1555	8879
1555	8880
1555	8881
1555	8882
1555	8883
1555	8884
1555	8885
1556	8886
1556	8887
1556	8888
1556	8889
1556	8890
1556	8891
1556	8892
1556	8893
1556	8894
1556	8895
1556	8896
1557	8897
1557	8898
1557	8899
1557	8900
1557	8901
1557	8902
1557	8903
1557	8904
1557	8905
1557	8906
1557	8907
1558	8908
1558	8909
1558	8910
1558	8911
1558	8912
1558	8913
1559	8914
1559	8915
1559	8916
1559	8917
1559	8918
1560	8919
1560	8920
1560	8921
1560	8922
1560	8923
1560	8924
1561	8925
1561	8926
1561	8927
1561	8928
1561	8929
1561	8930
1562	8931
1562	8932
1562	8933
1562	8934
1562	8935
1562	8936
1563	8937
1563	8938
1563	8939
1563	8940
1563	8941
1564	8942
1564	8943
1564	8944
1564	8945
1564	8946
1564	8947
1564	8948
1565	8949
1565	8950
1565	8951
1565	8952
1565	8953
1566	8954
1566	8955
1566	8956
1566	8957
1566	8958
1566	8959
1567	8960
1567	8961
1567	8962
1567	8963
1567	8964
1568	8965
1568	8966
1568	8967
1568	8968
1568	8969
1568	8970
1568	8971
1569	8972
1569	8973
1569	8974
1569	8975
1570	8976
1570	8977
1570	8978
1570	8979
1570	8980
1570	8981
1570	8982
1571	8983
1571	8984
1571	8985
1571	8986
1571	8987
1571	8988
1572	8989
1572	8990
1572	8991
1572	8992
1572	8993
1572	8994
1573	8995
1573	8996
1573	8997
1573	8998
1573	8999
1574	9000
1574	9001
1574	9002
1574	9003
1574	9004
1574	9005
1575	9006
1575	9007
1575	9008
1575	9009
1575	9010
1576	9011
1576	9012
1576	9013
1576	9014
1576	9015
1576	9016
1577	9017
1577	9018
1577	9019
1577	9020
1577	9021
1577	9022
1578	9023
1578	9024
1578	9025
1578	9026
1578	9027
1579	9028
1579	9029
1579	9030
1579	9031
1579	9032
1579	9033
1580	9034
1580	9035
1580	9036
1580	9037
1580	9038
1580	9039
1581	9040
1581	9041
1581	9042
1581	9043
1581	9044
1582	9045
1582	9046
1582	9047
1582	9048
1582	9049
1582	9050
1582	9051
1583	9052
1583	9053
1583	9054
1583	9055
1583	9056
1584	9057
1584	9058
1584	9059
1584	9060
1584	9061
1584	9062
1585	9063
1585	9064
1585	9065
1585	9066
1585	9067
1586	9068
1586	9069
1586	9070
1586	9071
1586	9072
1586	9073
1587	9074
1587	9075
1587	9076
1587	9077
1588	9078
1588	9079
1588	9080
1588	9081
1588	9082
1588	9083
1588	9084
1589	9085
1589	9086
1589	9087
1589	9088
1589	9089
1590	9090
1590	9091
1590	9092
1590	9093
1590	9094
1591	9095
1591	9096
1591	9097
1591	9098
1591	9099
1591	9100
1592	9101
1592	9102
1592	9103
1592	9104
1592	9105
1593	9106
1593	9107
1593	9108
1593	9109
1593	9110
1593	9111
1594	9112
1594	9113
1594	9114
1594	9115
1594	9116
1595	9117
1595	9118
1595	9119
1595	9120
1595	9121
1596	9122
1596	9123
1596	9124
1596	9125
1596	9126
1596	9127
1597	9128
1597	9129
1597	9130
1597	9131
1597	9132
1597	9133
1598	9134
1598	9135
1598	9136
1598	9137
1598	9138
1598	9139
1598	9140
1598	9141
1598	9142
1598	9143
1599	9144
1599	9145
1599	9146
1599	9147
1599	9148
1599	9149
1599	9150
1599	9151
1599	9152
1599	9153
1599	9154
1600	9155
1600	9156
1600	9157
1600	9158
1600	9159
1600	9160
1600	9161
1600	9162
1601	9163
1601	9164
1601	9165
1601	9166
1601	9167
1601	9168
1601	9169
1601	9170
1601	9171
1601	9172
1602	9173
1602	9174
1602	9175
1602	9176
1602	9177
1602	9178
1602	9179
1602	9180
1602	9181
1602	9182
1602	9183
1603	9184
1603	9185
1603	9186
1603	9187
1603	9188
1603	9189
1603	9190
1603	9191
1604	9192
1604	9193
1604	9194
1604	9195
1604	9196
1604	9197
1604	9198
1604	9199
1604	9200
1604	9201
1604	9202
1605	9203
1605	9204
1605	9205
1605	9206
1605	9207
1605	9208
1605	9209
1605	9210
1605	9211
1605	9212
1606	9213
1606	9214
1606	9215
1606	9216
1606	9217
1606	9218
1606	9219
1606	9220
1606	9221
1606	9222
1606	9223
1607	9224
1607	9225
1607	9226
1607	9227
1607	9228
1607	9229
1607	9230
1607	9231
1608	9232
1608	9233
1608	9234
1608	9235
1608	9236
1608	9237
1608	9238
1608	9239
1608	9240
1609	9241
1609	9242
1609	9243
1609	9244
1609	9245
1609	9246
1610	9247
1610	9248
1610	9249
1610	9250
1610	9251
1610	9252
1610	9253
1610	9254
1610	9255
1611	9256
1611	9257
1611	9258
1611	9259
1611	9260
1611	9261
1611	9262
1611	9263
1611	9264
1611	9265
1611	9266
1612	9267
1612	9268
1612	9269
1612	9270
1612	9271
1612	9272
1612	9273
1612	9274
1612	9275
1613	9276
1613	9277
1613	9278
1613	9279
1613	9280
1613	9281
1613	9282
1613	9283
1613	9284
1613	9285
1613	9286
1614	9287
1614	9288
1614	9289
1614	9290
1614	9291
1614	9292
1614	9293
1614	9294
1614	9295
1614	9296
1615	9297
1615	9298
1615	9299
1615	9300
1615	9301
1615	9302
1615	9303
1615	9304
1615	9305
1615	9306
1616	9307
1616	9308
1616	9309
1616	9310
1616	9311
1616	9312
1616	9313
1616	9314
1616	9315
1616	9316
1617	9317
1617	9318
1617	9319
1617	9320
1617	9321
1617	9322
1617	9323
1617	9324
1617	9325
1617	9326
1618	9327
1618	9328
1618	9329
1618	9330
1618	9331
1618	9332
1618	9333
1618	9334
1618	9335
1618	9336
1619	9337
1619	9338
1619	9339
1619	9340
1619	9341
1619	9342
1619	9343
1619	9344
1619	9345
1619	9346
1620	9347
1620	9348
1620	9349
1620	9350
1620	9351
1620	9352
1620	9353
1620	9354
1620	9355
1621	9356
1621	9357
1621	9358
1621	9359
1621	9360
1621	9361
1621	9362
1622	9363
1622	9364
1622	9365
1622	9366
1623	9367
1623	9368
1623	9369
1623	9370
1623	9371
1623	9372
1623	9373
1624	9374
1624	9375
1624	9376
1624	9377
1625	9378
1625	9379
1625	9380
1625	9381
1625	9382
1625	9383
1625	9384
1626	9385
1626	9386
1626	9387
1626	9388
1626	9389
1627	9390
1627	9391
1627	9392
1627	9393
1627	9394
1627	9395
1628	9396
1628	9397
1628	9398
1628	9399
1628	9400
1629	9401
1629	9402
1629	9403
1629	9404
1629	9405
1629	9406
1630	9407
1630	9408
1630	9409
1630	9410
1630	9411
1630	9412
1631	9413
1631	9414
1631	9415
1631	9416
1631	9417
1632	9418
1632	9419
1632	9420
1632	9421
1632	9422
1632	9423
1633	9424
1633	9425
1633	9426
1633	9427
1633	9428
1634	9429
1634	9430
1634	9431
1634	9432
1634	9433
1634	9434
1635	9435
1635	9436
1635	9437
1635	9438
1635	9439
1636	9440
1636	9441
1636	9442
1636	9443
1636	9444
1636	9445
1637	9446
1637	9447
1637	9448
1637	9449
1637	9450
1637	9451
1638	9452
1638	9453
1638	9454
1638	9455
1638	9456
1639	9457
1639	9458
1639	9459
1639	9460
1639	9461
1639	9462
1640	9463
1640	9464
1640	9465
1640	9466
1640	9467
1641	9468
1641	9469
1641	9470
1641	9471
1641	9472
1641	9473
1642	9474
1642	9475
1642	9476
1642	9477
1643	9478
1643	9479
1643	9480
1643	9481
1643	9482
1643	9483
1643	9484
1644	9485
1644	9486
1644	9487
1644	9488
1645	9489
1645	9490
1645	9491
1645	9492
1645	9493
1645	9494
1645	9495
1646	9496
1646	9497
1646	9498
1646	9499
1647	9500
1647	9501
1647	9502
1647	9503
1647	9504
1647	9505
1648	9506
1648	9507
1648	9508
1648	9509
1648	9510
1649	9511
1649	9512
1649	9513
1649	9514
1649	9515
1649	9516
1650	9517
1650	9518
1650	9519
1650	9520
1650	9521
1650	9522
1651	9523
1651	9524
1651	9525
1651	9526
1651	9527
1651	9528
1652	9529
1652	9530
1652	9531
1652	9532
1652	9533
1653	9534
1653	9535
1653	9536
1653	9537
1653	9538
1654	9539
1654	9540
1654	9541
1654	9542
1654	9543
1654	9544
1655	9545
1655	9546
1655	9547
1655	9548
1655	9549
1655	9550
1656	9551
1656	9552
1656	9553
1656	9554
1656	9555
1657	9556
1657	9557
1657	9558
1657	9559
1657	9560
1657	9561
1658	9562
1658	9563
1658	9564
1658	9565
1658	9566
1659	9567
1659	9568
1659	9569
1659	9570
1659	9571
1659	9572
1660	9573
1660	9574
1660	9575
1660	9576
1660	9577
1661	9578
1661	9579
1661	9580
1661	9581
1661	9582
1661	9583
1661	9584
1662	9585
1662	9586
1662	9587
1662	9588
1662	9589
1663	9590
1663	9591
1663	9592
1663	9593
1663	9594
1663	9595
1663	9596
1663	9597
1663	9598
1663	9599
1664	9600
1664	9601
1664	9602
1664	9603
1664	9604
1664	9605
1664	9606
1664	9607
1664	9608
1665	9609
1665	9610
1665	9611
1665	9612
1665	9613
1665	9614
1665	9615
1665	9616
1665	9617
1665	9618
1666	9619
1666	9620
1666	9621
1666	9622
1666	9623
1666	9624
1666	9625
1666	9626
1666	9627
1666	9628
1667	9629
1667	9630
1667	9631
1667	9632
1667	9633
1667	9634
1667	9635
1667	9636
1667	9637
1667	9638
1668	9639
1668	9640
1668	9641
1668	9642
1668	9643
1668	9644
1668	9645
1668	9646
1668	9647
1668	9648
1669	9649
1669	9650
1669	9651
1669	9652
1669	9653
1669	9654
1669	9655
1669	9656
1670	9657
1670	9658
1670	9659
1670	9660
1670	9661
1670	9662
1670	9663
1670	9664
1670	9665
1670	9666
1670	9667
1671	9668
1671	9669
1671	9670
1671	9671
1671	9672
1671	9673
1671	9674
1671	9675
1672	9676
1672	9677
1672	9678
1672	9679
1672	9680
1672	9681
1672	9682
1672	9683
1672	9684
1672	9685
1672	9686
1673	9687
1673	9688
1673	9689
1673	9690
1673	9691
1673	9692
1673	9693
1674	9694
1674	9695
1674	9696
1674	9697
1674	9698
1674	9699
1675	9700
1675	9701
1675	9702
1675	9703
1675	9704
1675	9705
1675	9706
1675	9707
1675	9708
1675	9709
1676	9710
1676	9711
1676	9712
1676	9713
1676	9714
1676	9715
1676	9716
1676	9717
1676	9718
1676	9719
1676	9720
1677	9721
1677	9722
1677	9723
1677	9724
1677	9725
1677	9726
1677	9727
1677	9728
1677	9729
1677	9730
1678	9731
1678	9732
1678	9733
1678	9734
1678	9735
1678	9736
1678	9737
1678	9738
1678	9739
1678	9740
1679	9741
1679	9742
1679	9743
1679	9744
1679	9745
1679	9746
1679	9747
1679	9748
1679	9749
1680	9750
1680	9751
1680	9752
1680	9753
1680	9754
1680	9755
1680	9756
1680	9757
1680	9758
1680	9759
1680	9760
1681	9761
1681	9762
1681	9763
1681	9764
1681	9765
1681	9766
1681	9767
1681	9768
1681	9769
1681	9770
1682	9771
1682	9772
1682	9773
1682	9774
1682	9775
1682	9776
1682	9777
1682	9778
1682	9779
1682	9780
1683	9781
1683	9782
1683	9783
1683	9784
1683	9785
1683	9786
1683	9787
1683	9788
1683	9789
1683	9790
1684	9791
1684	9792
1684	9793
1684	9794
1684	9795
1684	9796
1684	9797
1684	9798
1684	9799
1685	9800
1685	9801
1685	9802
1685	9803
1685	9804
1685	9805
1685	9806
1685	9807
1685	9808
1685	9809
1686	9810
1686	9811
1686	9812
1686	9813
1686	9814
1686	9815
1686	9816
1687	9817
1687	9818
1687	9819
1687	9820
1687	9821
1687	9822
1688	9823
1688	9824
1688	9825
1688	9826
1689	9827
1689	9828
1689	9829
1689	9830
1689	9831
1689	9832
1689	9833
1690	9834
1690	9835
1690	9836
1690	9837
1691	9838
1691	9839
1691	9840
1691	9841
1691	9842
1691	9843
1691	9844
1692	9845
1692	9846
1692	9847
1692	9848
1692	9849
1693	9850
1693	9851
1693	9852
1693	9853
1693	9854
1693	9855
1694	9856
1694	9857
1694	9858
1694	9859
1694	9860
1695	9861
1695	9862
1695	9863
1695	9864
1695	9865
1696	9866
1696	9867
1696	9868
1696	9869
1696	9870
1696	9871
1697	9872
1697	9873
1697	9874
1697	9875
1697	9876
1698	9877
1698	9878
1698	9879
1698	9880
1698	9881
1699	9882
1699	9883
1699	9884
1699	9885
1699	9886
1700	9887
1700	9888
1700	9889
1700	9890
1700	9891
1701	9892
1701	9893
1701	9894
1701	9895
1701	9896
1701	9897
1702	9898
1702	9899
1702	9900
1702	9901
1702	9902
1703	9903
1703	9904
1703	9905
1703	9906
1703	9907
1703	9908
1704	9909
1704	9910
1704	9911
1704	9912
1705	9913
1705	9914
1705	9915
1705	9916
1705	9917
1705	9918
1705	9919
1706	9920
1706	9921
1706	9922
1706	9923
1707	9924
1707	9925
1707	9926
1707	9927
1707	9928
1707	9929
1708	9930
1708	9931
1708	9932
1708	9933
1709	9934
1709	9935
1709	9936
1709	9937
1709	9938
1709	9939
1709	9940
1710	9941
1710	9942
1710	9943
1710	9944
1711	9945
1711	9946
1711	9947
1711	9948
1711	9949
1711	9950
1712	9951
1712	9952
1712	9953
1712	9954
1712	9955
1713	9956
1713	9957
1713	9958
1713	9959
1713	9960
1713	9961
1713	9962
1714	9963
1714	9964
1714	9965
1714	9966
1714	9967
1715	9968
1715	9969
1715	9970
1715	9971
1715	9972
1715	9973
1716	9974
1716	9975
1716	9976
1716	9977
1716	9978
1717	9979
1717	9980
1717	9981
1717	9982
1717	9983
1717	9984
1718	9985
1718	9986
1718	9987
1718	9988
1718	9989
1718	9990
1719	9991
1719	9992
1719	9993
1719	9994
1719	9995
1719	9996
1720	9997
1720	9998
1720	9999
1720	10000
1721	10001
