18
38
60
61
61
61
61
61
61
62
62
62
63
63
63
63
64
64
64
64
65
65
65
65
65
65
66
66
66
67
67
67
67
68
68
68
69
69
69
69
69
69
69
69
70
70
70
70
70
71
71
71
71
72
72
72
72
72
72
73
73
73
73
73
74
74
74
74
75
75
75
75
75
75
76
76
76
76
76
76
76
76
77
77
77
77
78
78
78
79
79
79
79
80
80
80
80
80
81
81
81
81
82
82
82
82
82
82
82
82
82
83
83
83
83
83
84
84
84
84
85
85
85
85
86
86
86
86
87
87
87
87
87
88
88
88
88
88
89
89
89
89
89
89
89
90
90
90
90
91
91
91
91
91
92
92
92
92
93
93
93
93
94
94
94
94
95
95
95
95
95
96
96
96
96
97
97
97
97
97
98
98
98
98
99
99
99
99
99
100
100
100
100
101
101
101
101
101
101
102
102
102
102
102
102
103
103
103
103
104
104
104
104
104
105
105
105
105
106
106
106
106
106
107
107
107
107
108
108
108
108
108
109
109
109
109
110
110
110
110
111
111
111
111
111
112
112
112
112
113
113
113
113
113
114
114
114
115
115
115
115
116
116
116
116
116
117
117
117
117
117
117
117
117
118
118
118
118
119
119
119
119
120
120
120
120
120
121
121
121
121
122
122
122
122
123
123
123
123
123
124
124
124
124
125
125
125
125
126
126
126
126
127
127
127
128
128
128
128
128
129
129
129
129
130
130
130
130
130
131
131
131
131
132
132
132
132
132
133
133
133
133
133
133
133
133
134
134
134
134
135
135
135
135
136
136
136
136
137
137
137
137
137
138
138
138
138
139
139
139
140
140
140
140
140
141
141
141
141
142
142
142
142
142
143
143
143
143
144
144
144
144
144
145
145
145
145
145
146
146
146
146
147
147
147
147
147
148
148
148
148
149
149
149
149
149
150
150
150
150
151
151
151
151
151
152
152
152
153
153
153
153
154
154
154
154
154
155
155
155
155
156
156
156
156
156
157
157
157
157
158
158
158
158
159
159
159
159
159
160
160
160
160
160
161
161
161
161
162
162
162
162
162
163
163
163
163
164
164
164
164
164
165
165
165
165
166
166
166
166
167
167
167
167
168
168
168
168
168
168
168
168
168
169
169
169
169
170
170
170
170
171
171
171
171
171
172
172
172
172
173
173
173
173
173
174
174
174
175
175
175
175
176
176
176
176
176
177
177
177
177
177
178
178
178
178
179
179
179
179
180
180
180
180
181
181
181
182
182
182
183
183
183
184
184
184
185
185
185
185
186
186
186
186
186
187
187
187
187
188
188
188
188
188
189
189
189
189
189
190
190
190
190
191
191
191
191
191
192
192
192
192
193
193
193
193
194
194
194
194
195
195
195
195
195
196
196
196
196
197
197
197
197
197
198
198
198
198
199
199
199
199
199
200
200
200
200
201
201
201
201
202
202
202
202
202
203
203
203
203
204
204
204
204
204
205
205
205
205
206
206
206
206
207
207
207
207
207
208
208
208
208
209
209
209
209
209
210
210
210
210
211
211
211
211
212
212
212
212
213
213
213
213
214
214
214
214
214
215
215
215
215
215
216
216
216
216
216
216
216
216
216
217
217
217
217
217
218
218
218
218
219
219
219
219
219
220
220
220
220
220
221
221
221
221
221
222
222
222
222
223
223
223
223
223
224
224
224
224
225
225
225
225
226
226
226
226
226
227
227
227
227
228
228
228
228
228
229
229
229
229
230
230
230
230
231
231
231
231
231
232
232
232
232
232
233
233
233
233
234
234
234
234
234
235
235
235
235
235
236
236
236
236
237
237
237
237
237
238
238
238
238
239
239
239
239
239
240
240
240
240
241
241
241
241
241
242
242
242
242
242
243
243
243
244
244
244
244
244
245
245
245
245
245
246
246
246
246
247
247
247
247
247
248
248
248
248
248
249
249
249
249
249
250
250
250
250
251
251
251
251
251
252
252
252
252
253
253
253
253
253
254
254
254
254
255
255
255
255
256
256
256
256
256
257
257
257
257
258
258
258
258
258
259
259
259
259
259
260
260
260
260
261
261
261
261
261
262
262
262
262
263
263
263
263
263
264
264
264
264
265
265
265
265
265
266
266
266
266
266
267
267
267
267
267
267
268
268
268
268
268
268
268
269
269
269
269
269
270
270
270
270
270
271
271
271
271
272
272
272
272
272
273
273
273
273
274
274
274
274
274
275
275
275
275
276
276
276
276
276
277
277
277
277
277
278
278
278
278
278
279
279
279
279
280
280
280
280
281
281
281
281
281
282
282
282
282
282
283
283
283
283
283
284
284
284
284
285
285
285
285
285
286
286
286
286
286
287
287
287
287
287
288
288
288
288
289
289
289
289
289
290
290
290
290
291
291
291
291
291
292
292
292
292
292
293
293
293
293
294
294
294
294
294
295
295
295
295
295
296
296
296
296
297
297
297
297
297
298
298
298
298
298
299
299
299
299
299
299
299
299
299
300
300
300
300
300
301
301
301
301
302
302
302
302
302
303
303
303
303
303
304
304
304
304
304
305
305
305
305
306
306
306
306
306
307
307
307
307
308
308
308
308
308
309
309
309
309
309
310
310
310
310
311
311
311
311
311
312
312
312
312
313
313
313
313
314
314
314
314
314
315
315
315
315
316
316
316
316
316
317
317
317
317
317
318
318
318
318
319
319
319
319
320
320
320
320
320
321
321
321
321
321
321
322
322
322
322
322
322
322
322
323
323
323
323
324
324
324
324
324
325
325
325
325
325
326
326
326
326
327
327
327
327
327
328
328
328
328
329
329
329
329
329
330
330
330
330
330
331
331
331
331
332
332
332
332
332
333
333
333
333
333
334
334
334
334
335
335
335
335
335
336
336
336
336
336
337
337
337
337
338
338
338
338
338
339
339
339
339
340
340
340
340
340
341
341
341
341
341
341
341
342
342
342
342
342
342
342
343
343
343
343
343
344
344
344
344
345
345
345
345
345
346
346
346
346
346
347
347
347
347
347
348
348
348
348
349
349
349
349
349
350
350
350
350
350
351
351
351
351
351
352
352
352
352
353
353
353
353
354
354
354
354
354
355
355
355
355
355
356
356
356
356
356
357
357
357
357
358
358
358
358
358
359
359
359
359
360
360
360
360
360
360
360
360
360
360
361
361
361
361
362
362
362
362
362
363
363
363
363
363
364
364
364
364
364
365
365
365
365
365
366
366
366
366
367
367
367
367
367
368
368
368
368
369
369
369
369
369
370
370
370
370
370
371
371
371
371
372
372
372
372
372
373
373
373
373
374
374
374
374
374
375
375
375
375
376
376
376
376
376
376
376
377
377
377
377
377
377
377
378
378
378
378
378
379
379
379
379
379
380
380
380
380
381
381
381
381
382
382
382
382
383
383
383
383
383
384
384
384
384
384
385
385
385
385
386
386
386
386
386
387
387
387
387
388
388
388
388
389
389
389
389
389
390
390
390
390
391
391
391
391
391
392
392
392
392
392
393
393
393
393
394
394
394
394
395
395
395
395
395
396
396
396
396
397
397
397
397
397
398
398
398
398
399
399
399
399
399
399
399
399
399
400
400
400
400
401
401
401
401
401
402
402
402
402
403
403
403
403
403
404
404
404
404
405
405
405
405
405
406
406
406
406
407
407
407
407
407
408
408
408
408
409
409
409
409
410
410
410
410
410
411
411
411
411
411
412
412
412
412
413
413
413
413
414
414
414
414
414
415
415
415
415
416
416
416
416
416
417
417
417
417
418
418
418
418
418
419
419
419
419
420
420
420
420
420
421
421
421
421
421
421
421
422
422
422
422
422
422
423
423
423
423
423
424
424
424
424
425
425
425
425
426
426
426
426
427
427
427
427
427
428
428
428
428
429
429
429
429
430
430
430
430
431
431
431
431
431
432
432
432
432
433
433
433
433
434
434
434
434
434
435
435
435
435
436
436
436
436
436
437
437
437
437
438
438
438
438
439
439
439
439
439
440
440
440
440
441
441
441
441
442
442
442
442
443
443
443
443
444
444
444
444
445
445
445
445
445
445
446
446
446
446
446
446
446
446
447
447
447
447
448
448
448
448
449
449
449
449
450
450
450
450
450
451
451
451
451
452
452
452
452
453
453
453
453
454
454
454
454
454
455
455
455
455
456
456
456
456
456
457
457
457
457
458
458
458
458
458
459
459
459
459
460
460
460
460
461
461
461
461
462
462
462
462
462
463
463
463
463
464
464
464
464
465
465
465
465
466
466
466
466
466
467
467
467
467
468
468
468
468
468
468
468
469
469
469
469
469
469
470
470
470
470
471
471
471
471
472
472
472
472
472
473
473
473
473
474
474
474
474
475
475
475
475
476
476
476
476
476
477
477
477
477
477
478
478
478
478
479
479
479
479
479
480
480
480
480
481
481
481
481
482
482
482
482
482
483
483
483
483
484
484
484
484
485
485
485
485
485
486
486
486
486
487
487
487
487
488
488
488
488
488
489
489
489
489
489
490
490
490
490
491
491
491
491
491
492
492
492
492
493
493
493
493
493
493
493
493
494
494
494
494
494
495
495
495
495
495
496
496
496
496
497
497
497
497
498
498
498
498
499
499
499
499
500
500
500
500
501
501
501
501
501
502
502
502
502
503
503
503
503
504
504
504
504
505
505
505
505
505
506
506
506
506
507
507
507
507
508
508
508
508
509
509
509
509
509
510
510
510
510
511
511
511
511
512
512
512
512
512
513
513
513
513
514
514
514
514
514
515
515
515
515
516
516
516
516
516
517
517
517
517
517
517
517
517
518
518
518
518
518
518
519
519
519
519
519
520
520
520
520
521
521
521
521
521
522
522
522
522
523
523
523
523
523
524
524
524
524
525
525
525
525
525
526
526
526
526
527
527
527
527
527
528
528
528
528
529
529
529
529
529
530
530
530
530
531
531
531
531
531
532
532
532
532
533
533
533
533
533
534
534
534
534
534
535
535
535
535
536
536
536
536
537
537
537
537
537
538
538
538
538
539
539
539
539
540
540
540
540
540
541
541
541
541
542
542
542
542
542
543
543
543
543
544
544
544
544
544
545
545
545
546
546
546
546
546
547
547
547
547
547
547
548
548
548
548
548
548
548
549
549
549
549
549
550
550
550
550
550
551
551
551
551
552
552
552
552
553
553
553
553
553
554
554
554
554
555
555
555
555
555
556
556
556
557
557
557
557
558
558
558
558
558
559
559
559
559
560
560
560
560
560
561
561
561
561
562
562
562
562
563
563
563
563
563
564
564
564
564
564
565
565
565
565
566
566
566
566
566
567
567
567
567
567
568
568
568
568
569
569
569
569
569
570
570
570
570
570
571
571
571
571
571
572
572
572
572
573
573
573
573
573
574
574
574
574
575
575
575
575
575
576
576
576
576
576
577
577
577
577
578
578
578
578
578
579
579
579
579
579
580
580
580
580
581
581
581
581
581
582
582
582
582
582
583
583
583
583
584
584
584
584
584
585
585
585
585
585
586
586
586
586
587
587
587
587
587
588
588
588
588
588
589
589
589
589
590
590
590
590
590
591
591
591
591
591
592
592
592
592
593
593
593
593
594
594
594
594
594
595
595
595
595
596
596
596
596
596
597
597
597
597
597
598
598
598
598
599
599
599
599
599
600
600
600
600
601
601
601
601
601
602
602
602
602
603
603
603
603
603
604
604
604
604
605
605
605
605
605
606
606
606
606
607
607
607
607
608
608
608
608
608
609
609
609
609
610
610
610
610
610
611
611
611
611
611
611
611
611
612
612
612
612
612
613
613
613
613
614
614
614
614
614
615
615
615
615
616
616
616
616
617
617
617
617
617
618
618
618
618
619
619
619
619
620
620
620
620
621
621
621
621
622
622
622
622
622
623
623
623
623
624
624
624
624
624
625
625
625
625
626
626
626
626
626
627
627
627
627
628
628
628
628
629
629
629
629
629
630
630
630
630
630
631
631
632
632
632
632
632
633
633
633
633
634
634
634
634
634
635
635
635
635
635
636
636
636
636
637
637
637
637
637
638
638
638
638
638
639
639
639
639
639
640
640
640
640
640
641
641
641
641
642
642
642
642
642
643
643
643
643
643
644
644
644
644
644
645
645
645
645
646
646
646
646
646
647
647
647
647
647
648
648
648
648
648
649
649
649
649
650
650
650
650
650
651
651
651
651
651
652
652
652
652
652
653
653
653
653
654
654
654
654
654
655
655
655
655
655
656
656
656
656
656
657
657
657
657
658
658
658
658
658
659
659
659
659
659
660
660
660
660
660
661
661
661
661
662
662
662
662
662
663
663
663
663
664
664
664
664
664
665
665
665
665
665
666
666
666
666
666
667
667
667
667
667
667
667
667
667
668
668
668
668
668
669
669
669
669
670
670
670
670
670
671
671
671
671
671
672
672
672
672
673
673
673
673
673
674
674
674
674
674
675
675
675
675
675
676
676
676
676
677
677
677
677
677
678
678
678
678
678
679
679
679
679
679
680
680
680
680
680
681
681
681
681
681
682
682
682
682
683
683
683
683
683
684
684
684
684
684
685
685
685
685
685
686
686
686
686
687
687
687
687
687
688
688
688
688
688
689
689
689
689
689
690
690
690
690
690
691
691
691
691
692
692
692
692
692
693
693
693
693
693
694
694
694
694
694
695
695
695
695
695
696
696
696
696
697
697
697
697
697
698
698
698
698
698
699
699
699
699
699
700
700
700
700
701
701
701
701
701
702
702
702
702
702
703
703
703
703
704
704
704
704
704
705
705
705
705
705
706
706
706
706
706
707
707
707
707
707
708
708
708
708
708
709
709
709
709
710
710
710
710
710
711
711
711
711
711
712
712
712
712
712
713
713
713
713
714
714
714
714
714
715
715
715
715
715
716
716
716
716
716
716
716
716
716
717
717
717
717
717
718
718
718
718
718
719
719
719
719
720
720
720
720
720
721
721
721
721
722
722
722
722
723
723
723
723
723
724
724
724
724
725
725
725
725
726
726
726
726
726
727
727
727
727
728
728
728
728
728
729
729
729
729
730
730
730
730
730
731
731
731
731
732
732
732
732
732
733
733
733
733
734
734
734
734
734
735
735
735
735
735
736
736
736
736
737
737
737
737
737
738
738
738
738
739
739
739
739
739
740
740
740
740
740
741
741
741
741
742
742
742
742
743
743
743
743
743
744
744
744
744
744
745
745
745
745
745
746
746
746
746
747
747
747
747
747
748
748
748
748
749
749
749
749
749
750
750
750
750
751
751
751
751
751
752
752
752
752
752
753
753
753
753
754
754
754
754
754
755
755
755
755
755
756
756
756
756
756
756
756
756
756
757
757
757
757
758
758
758
758
758
759
759
759
759
759
760
760
760
760
761
761
761
761
761
762
762
762
762
763
763
763
763
763
764
764
764
764
765
765
765
765
765
766
766
766
766
766
767
767
767
767
767
768
768
768
768
769
769
769
769
769
770
770
770
770
770
771
771
771
771
772
772
772
772
772
773
773
773
773
773
774
774
774
774
775
775
775
775
775
776
776
776
776
777
777
777
777
777
778
778
778
778
779
779
779
779
779
780
780
780
780
781
781
781
781
781
782
782
782
782
782
783
783
783
783
784
784
784
784
784
785
785
785
785
785
786
786
786
786
787
787
787
787
787
788
788
788
788
788
789
789
789
789
789
790
790
790
790
791
791
791
791
791
792
792
792
792
792
793
793
793
793
794
794
794
794
794
795
795
795
795
795
796
796
796
796
796
797
797
797
797
797
798
798
798
798
799
799
799
799
799
800
800
800
800
800
801
801
801
801
801
802
802
802
802
802
803
803
803
803
804
804
804
804
804
805
805
805
805
805
806
806
806
806
806
807
807
807
807
808
808
808
808
808
809
809
809
809
809
810
810
810
810
811
811
811
811
811
811
811
811
811
812
812
812
812
812
812
813
813
813
813
814
814
814
814
814
815
815
815
815
815
816
816
816
816
816
817
817
817
817
817
818
818
818
818
819
819
819
819
819
820
820
820
820
820
821
821
821
821
821
822
822
822
822
822
823
823
823
823
824
824
824
824
824
825
825
825
825
825
826
826
826
826
826
827
827
827
827
828
828
828
828
828
829
829
829
829
829
830
830
830
830
830
831
831
831
831
831
832
832
832
832
833
833
833
833
833
834
834
834
834
834
835
835
835
835
836
836
836
836
836
837
837
837
837
837
838
838
838
838
839
839
839
839
839
840
840
840
840
841
841
841
841
841
842
842
842
842
843
843
843
843
843
844
844
844
844
844
845
845
845
845
845
846
846
846
846
847
847
847
847
848
848
848
848
848
849
849
849
849
850
850
850
850
850
851
851
851
851
852
852
852
852
852
853
853
853
853
854
854
854
854
854
855
855
855
855
855
856
856
856
856
857
857
857
857
858
858
858
858
858
859
859
859
859
860
860
860
860
860
861
861
861
861
861
862
862
862
862
862
862
862
863
863
863
863
863
863
864
864
864
864
865
865
865
865
865
866
866
866
866
866
867
867
867
867
868
868
868
868
868
869
869
869
869
870
870
870
870
870
871
871
871
871
871
872
872
872
872
873
873
873
873
873
874
874
874
874
875
875
875
875
875
876
876
876
876
877
877
877
877
877
878
878
878
878
878
879
879
879
879
880
880
880
880
881
881
881
881
881
882
882
882
882
883
883
883
883
883
884
884
884
884
884
885
885
885
885
886
886
886
886
886
887
887
887
887
888
888
888
888
888
888
889
889
889
889
889
889
889
890
890
890
890
890
891
891
891
891
891
892
892
892
892
893
893
893
893
893
894
894
894
894
895
895
895
895
895
896
896
896
896
897
897
897
898
898
898
898
898
899
899
899
899
899
900
900
900
900
901
901
901
901
902
902
902
902
902
903
903
903
903
903
904
904
904
904
905
905
905
905
905
906
906
906
906
906
907
907
907
907
908
908
908
908
909
909
909
909
909
910
910
910
910
911
911
911
911
911
912
912
912
912
913
913
913
913
913
914
914
914
914
915
915
915
915
915
915
915
916
916
916
916
916
916
916
917
917
917
917
917
918
920
922
922
922
922
923
923
923
923
923
924
924
924
924
925
925
925
925
926
926
926
926
926
927
927
927
927
927
928
928
928
928
929
929
929
929
929
930
931
933
935
937
939
941
943
945
947
949
951
954
954
954
954
955
955
955
955
956
956
956
956
957
957
957
957
958
958
958
958
959
959
959
959
960
960
960
960
960
961
961
961
961
962
962
962
962
963
963
963
963
964
964
964
964
965
965
965
965
965
966
966
966
966
967
967
967
967
968
968
968
968
969
969
969
969
969
970
970
972
974
976
978
981
982
985
987
989
991
993
995
997
999
1000
1000
1000
1001
1001
1001
1001
1001
1002
1002
1002
1002
1003
1003
1003
1003
1003
1004
1004
1004
1004
1005
1005
1005
1005
1005
1006
1006
1006
1006
1006
1007
1007
1007
1007
1007
1007
1007
1008
1008
1008
1008
1008
1008
1008
1009
1009
1009
1009
1010
1010
1010
1010
1010
1011
1011
1011
1011
1011
1012
1012
1012
1012
1013
1013
1015
1017
1019
1021
1023
1025
1027
1029
1032
1034
1036
1038
1040
1041
1041
1041
1042
1042
1042
1042
1042
1043
1043
1043
1043
1044
1044
1044
1044
1044
1045
1045
1045
1045
1046
1046
1046
1046
1046
1047
1047
1047
1047
1047
1048
1048
1048
1048
1048
1049
1049
1049
1049
1049
1049
1049
1049
1049
1050
1050
1050
1050
1050
1051
1051
1051
1051
1051
1052
1052
1052
1052
1052
1053
1053
1053
1053
1054
1054
1056
1058
1060
1062
1064
1066
1068
1070
1072
1074
1076
1078
1080
1082
1084
1084
1084
1084
1085
1085
1085
1085
1086
1086
1086
1086
1086
1087
1087
1087
1087
1087
1088
1088
1088
1088
1089
1089
1089
1089
1089
1090
1090
1090
1090
1090
1091
1091
1091
1091
1092
1092
1092
1092
1092
1093
1093
1093
1093
1093
1094
1094
1094
1094
1094
1095
1095
1095
1095
1096
1096
1096
1096
1096
1097
1097
1097
1097
1097
1098
1099
1101
1103
1105
1107
1109
1111
1113
1115
1117
1119
1121
1123
1125
1126
1126
1126
1126
1127
1127
1127
1127
1128
1128
1128
1128
1128
1129
1129
1129
1129
1129
1130
1130
1130
1130
1131
1131
1131
1131
1131
1132
1132
1132
1132
1132
1133
1133
1133
1133
1134
1134
1134
1134
1134
1135
1135
1135
1135
1135
1136
1136
1136
1136
1136
1137
1137
1137
1137
1138
1138
1138
1138
1138
1139
1139
1139
1139
1140
1140
1141
1144
1146
1148
1150
1152
1154
1156
1158
1160
1162
1163
1166
1168
1170
1170
1170
1170
1171
1171
1171
1171
1171
1171
1171
1171
1171
1171
1172
1172
1172
1172
1173
1173
1173
1173
1173
1174
1174
1174
1174
1174
1175
1175
1175
1175
1175
1176
1176
1176
1176
1177
1177
1177
1177
1177
1178
1178
1178
1178
1178
1179
1179
1179
1179
1179
1180
1180
1180
1180
1181
1181
1181
1181
1181
1182
1182
1182
1182
1182
1183
1184
1186
1187
1190
1192
1194
1196
1198
1200
1202
1204
1206
1208
1210
1211
1211
1211
1211
1212
1212
1212
1212
1213
1213
1213
1213
1213
1214
1214
1214
1214
1214
1215
1215
1215
1215
1215
1216
1216
1216
1216
1216
1217
1217
1217
1217
1218
1218
1218
1218
1218
1219
1219
1219
1219
1219
1220
1220
1220
1220
1220
1221
1221
1221
1221
1221
1222
1222
1222
1222
1223
1223
1223
1223
1223
1224
1224
1224
1224
1224
1225
1225
1227
1229
1231
1233
1235
1237
1239
1241
1243
1245
1247
1249
1251
1253
1255
1255
1255
1255
1256
1256
1256
1256
1256
1257
1257
1257
1257
1257
1257
1257
1257
1258
1258
1258
1258
1258
1258
1259
1259
1259
1259
1259
1260
1260
1260
1260
1260
1261
1261
1261
1261
1261
1262
1262
1262
1262
1262
1263
1263
1263
1263
1264
1264
1264
1264
1264
1265
1265
1265
1265
1265
1266
1266
1266
1266
1266
1267
1268
1270
1272
1274
1276
1278
1280
1282
1284
1286
1288
1290
1292
1294
1296
1297
1297
1297
1298
1298
1298
1298
1298
1299
1299
1299
1299
1300
1300
1300
1300
1300
1301
1301
1301
1301
1301
1302
1302
1302
1302
1302
1303
1303
1303
1303
1304
1304
1304
1304
1305
1305
1305
1305
1305
1306
1306
1306
1306
1306
1307
1307
1307
1307
1308
1308
1308
1308
1308
1309
1309
1309
1309
1310
1310
1310
1310
1310
1311
1312
1314
1316
1318
1321
1322
1325
1327
1329
1330
1332
1334
1336
1338
1339
1339
1339
1340
1340
1340
1340
1340
1341
1341
1341
1341
1341
1342
1342
1342
1342
1342
1343
1343
1343
1343
1344
1344
1344
1344
1345
1345
1345
1345
1345
1346
1346
1346
1346
1346
1347
1347
1347
1347
1347
1348
1348
1348
1348
1349
1349
1349
1349
1349
1350
1350
1350
1350
1351
1351
1351
1351
1352
1352
1352
1352
1352
1353
1353
1355
1357
1359
1361
1363
1365
1367
1369
1371
1373
1375
1377
1379
1382
1383
1383
1383
1384
1384
1384
1384
1384
1385
1385
1385
1385
1386
1386
1386
1386
1387
1387
1387
1387
1388
1388
1388
1388
1388
1389
1389
1389
1389
1389
1390
1390
1390
1390
1391
1391
1391
1391
1391
1392
1392
1392
1392
1393
1393
1393
1393
1394
1394
1394
1394
1395
1395
1395
1395
1395
1396
1396
1396
1396
1397
1398
1400
1402
1404
1407
1408
1410
1412
1414
1416
1418
1420
1422
1424
1424
1424
1424
1425
1425
1425
1425
1426
1426
1426
1427
1427
1427
1427
1427
1428
1428
1428
1428
1429
1429
1429
1429
1430
1430
1430
1430
1431
1431
1431
1431
1432
1432
1432
1432
1433
1433
1433
1433
1434
1434
1434
1434
1435
1435
1435
1435
1436
1436
1436
1437
1437
1437
1437
1437
1438
1438
1438
1438
1439
1440
1442
1444
1446
1449
1450
1453
1455
1457
1459
1461
1463
1465
1467
1467
1467
1467
1468
1468
1468
1468
1469
1469
1469
1469
1469
1470
1470
1470
1470
1471
1471
1471
1471
1471
1472
1472
1472
1472
1473
1473
1473
1473
1473
1474
1474
1474
1474
1475
1475
1475
1475
1475
1476
1476
1476
1476
1476
1477
1477
1477
1477
1477
1478
1478
1478
1478
1479
1479
1479
1479
1479
1480
1481
1483
1485
1487
1489
1492
1494
1496
1498
1500
1502
1504
1505
1507
1509
1511
1511
1511
1511
1512
1512
1512
1512
1513
1513
1513
1513
1513
1514
1514
1514
1514
1515
1515
1515
1515
1515
1516
1516
1516
1516
1516
1517
1517
1517
1517
1517
1518
1518
1518
1518
1519
1519
1519
1519
1519
1520
1520
1520
1520
1520
1521
1521
1521
1521
1521
1522
1522
1522
1522
1522
1523
1523
1523
1523
1524
1524
1524
1524
1524
1525
1525
1525
1525
1525
1526
1526
1526
1526
1526
1527
1527
1527
1527
1528
1528
1528
1528
1528
1529
1529
1529
1529
1529
1530
1530
1530
1530
1531
1531
1531
1531
1531
1532
1532
1534
1536
1538
1540
1542
1544
1546
1548
1550
1552
1554
1556
1558
1560
1562
1564
1567
1569
1571
1573
1574
1576
1578
1580
1582
1584
1586
1586
1586
1586
1587
1587
1587
1587
1587
1588
1588
1588
1588
1588
1589
1589
1589
1589
1590
1590
1590
1590
1590
1591
1591
1591
1591
1591
1592
1592
1592
1592
1592
1593
1593
1593
1593
1594
1594
1594
1594
1594
1595
1595
1595
1595
1595
1596
1596
1596
1596
1596
1597
1598
1600
1602
1604
1606
1608
1610
1612
1614
1616
1618
1620
1622
1624
1626
1627
1629
1631
1633
1635
1637
1639
1641
1643
1645
1647
1649
1649
1649
1649
1650
1650
1650
1650
1650
1650
1650
1651
1651
1651
1651
1651
1651
1651
1652
1652
1652
1652
1652
1653
1653
1653
1653
1653
1654
1654
1654
1654
1654
1655
1655
1655
1655
1656
1656
1656
1656
1656
1657
1657
1657
1657
1657
1658
1658
1658
1658
1658
1659
1660
1662
1664
1666
1668
1670
1672
1674
1676
1678
1680
1682
1684
1686
1688
1690
1692
1694
1696
1698
1700
1702
1704
1706
1708
1710
1712
1713
1713
1713
1714
1714
1714
1714
1714
1715
1715
1715
1715
1716
1716
1716
1716
1716
1717
1717
1717
1717
1717
1718
1718
1718
1718
1718
1719
1719
1719
1719
1719
1720
1720
1720
1720
1721
1721
1721
1721
1721
1722
1722
1722
1722
1722
1723
1723
1723
1723
1724
1724
1726
1728
1730
1733
1735
1737
1739
1741
1743
1745
1747
1749
1751
1753
1755
1757
1759
1761
1763
1765
1767
1769
1771
1773
1775
1776
1776
1776
1777
1777
1777
1777
1777
1778
1778
1778
1778
1779
1779
1779
1779
1779
1780
1780
1780
1780
1780
1781
1781
1781
1781
1782
1782
1782
1782
1782
1783
1783
1783
1783
1783
1784
1784
1784
1784
1785
1785
1785
1785
1785
1786
1786
1786
1786
1787
1787
1789
1791
1793
1795
1797
1799
1802
1804
1806
1808
1810
1812
1814
1816
1818
1820
1822
1824
1826
1828
1830
1832
1834
1836
1839
1841
1841
1841
1841
1842
1842
1842
1842
1842
1843
1843
1843
1843
1844
1844
1844
1844
1844
1844
1844
1844
1844
1845
1845
1845
1845
1846
1846
1846
1846
1846
1847
1847
1847
1847
1848
1848
1848
1848
1848
1849
1849
1849
1849
1850
1850
1850
1850
1850
1851
1853
1855
1857
1859
1861
1863
1865
1867
1869
1871
1873
1875
1877
1879
1882
1883
1886
1887
1889
1891
1893
1896
1897
1900
1901
1903
1903
1903
1903
1904
1904
1904
1904
1905
1905
1905
1905
1905
1906
1906
1906
1906
1906
1907
1907
1907
1907
1907
1908
1908
1908
1908
1908
1909
1909
1909
1909
1910
1910
1910
1910
1910
1911
1911
1911
1911
1911
1912
1912
1912
1912
1913
1913
1913
1913
1913
1914
1914
1916
1918
1920
1922
1924
1926
1928
1930
1932
1934
1936
1938
1940
1942
1944
1946
1948
1950
1952
1954
1956
1958
1959
1961
1964
1966
1968
1968
1968
1968
1969
1969
1969
1969
1969
1970
1970
1970
1970
1970
1971
1971
1971
1971
1971
1971
1971
1971
1971
1972
1972
1972
1972
1972
1973
1973
1973
1973
1973
1974
1974
1974
1974
1974
1975
1975
1975
1975
1975
1976
1976
1976
1976
1977
1977
1977
1977
1977
1978
1978
1980
1982
1984
1986
1988
1990
1992
1994
1996
1998
2000
2002
2004
2006
2008
2010
2012
2014
2016
2018
2020
2022
2024
2026
2028
2030
2030
2030
2030
2031
2031
2031
2031
2031
2032
2032
2032
2032
2033
2033
2033
2033
2033
2034
2034
2034
2034
2034
2035
2035
2035
2035
2035
2036
2036
2036
2036
2037
2037
2037
2037
2037
2038
2038
2038
2038
2038
2039
2039
2039
2039
2039
2040
2040
2040
2040
2041
2041
2042
2044
2046
2048
2050
2052
2054
2056
2058
2060
2062
2064
2066
2068
2070
2072
2074
2076
2078
2080
2082
2085
2087
2089
2091
2093
2095
2095
2095
2095
2096
2096
2096
2096
2097
2097
2097
2097
2097
2098
2098
2098
2098
2099
2099
2099
2099
2099
2100
2100
2100
2100
2100
2101
2101
2101
2101
2102
2102
2102
2102
2102
2103
2103
2103
2103
2103
2104
2104
2104
2104
2104
2105
2105
2105
2105
2106
2106
2108
2110
2112
2114
2116
2117
2119
2121
2123
2125
2127
2129
2131
2133
2135
2137
2139
2141
2143
2145
2147
2149
2151
2153
2155
2157
2158
2158
2158
2159
2159
2159
2159
2159
2160
2160
2160
2160
2160
2161
2161
2161
2161
2161
2162
2162
2162
2162
2163
2163
2163
2163
2163
2164
2164
2164
2164
2164
2165
2165
2165
2165
2165
2166
2166
2166
2166
2166
2167
2167
2167
2167
2167
2168
2169
2171
2173
2174
2176
2178
2180
2182
2184
2186
2188
2190
2192
2194
2196
2198
2200
2202
2204
2206
2209
2211
2213
2215
2217
2219
2221
2223
2224
2224
2224
2225
2225
2225
2225
2225
2225
2225
2225
2226
2226
2226
2226
2226
2226
2227
2227
2227
2227
2228
2228
2228
2228
2229
2229
2229
2229
2229
2230
2230
2230
2230
2231
2231
2231
2231
2231
2232
2232
2232
2232
2233
2233
2233
2233
2233
2234
2234
2234
2234
2235
2235
2235
2235
2235
2236
2236
2236
2236
2237
2237
2237
2237
2238
2238
2238
2238
2238
2239
2239
2239
2239
2240
2240
2240
2240
2241
2241
2241
2241
2241
2242
2242
2244
2246
2248
2250
2252
2254
2256
2258
2261
2263
2265
2267
2269
2271
2273
2275
2277
2279
2282
2284
2286
2288
2290
2292
2294
2297
2299
2301
2303
2305
2307
2309
2311
2313
2315
2317
2318
2318
2318
2319
2319
2319
2319
2320
2320
2320
2320
2321
2321
2321
2321
2321
2322
2322
2322
2322
2323
2323
2323
2323
2324
2324
2324
2324
2324
2325
2325
2325
2325
2326
2326
2326
2326
2326
2327
2327
2329
2331
2332
2334
2336
2338
2340
2342
2344
2346
2348
2350
2352
2354
2356
2358
2360
2362
2365
2366
2369
2371
2373
2375
2377
2380
2382
2384
2386
2388
2390
2392
2394
2396
2398
2400
2402
2402
2402
2402
2403
2403
2403
2403
2403
2404
2404
2404
2404
2404
2405
2405
2405
2405
2405
2406
2406
2406
2406
2407
2407
2407
2407
2407
2408
2408
2408
2408
2408
2409
2409
2409
2409
2409
2410
2410
2410
2410
2410
2411
2411
2413
2415
2417
2419
2421
2423
2425
2427
2429
2431
2433
2435
2437
2439
2441
2443
2445
2447
2449
2451
2453
2455
2457
2459
2461
2463
2465
2467
2469
2471
2473
2475
2477
2479
2481
2483
2485
2487
2487
2487
2487
2488
2488
2488
2488
2488
2489
2489
2489
2489
2489
2490
2490
2490
2490
2491
2491
2491
2491
2491
2492
2492
2492
2492
2492
2493
2493
2493
2493
2493
2494
2494
2494
2494
2494
2495
2495
2497
2499
2501
2503
2506
2508
2510
2512
2514
2516
2518
2520
2522
2524
2526
2528
2530
2532
2534
2536
2538
2539
2541
2543
2545
2547
2549
2551
2553
2555
2557
2559
2561
2564
2565
2567
2571
2573
2573
2573
2573
2574
2574
2574
2574
2575
2575
2575
2575
2575
2576
2576
2576
2576
2576
2577
2577
2577
2577
2577
2578
2578
2578
2578
2579
2579
2579
2579
2579
2580
2580
2580
2580
2580
2581
2582
2584
2586
2588
2590
2592
2594
2596
2598
2600
2602
2604
2606
2609
2610
2613
2615
2616
2619
2621
2623
2625
2627
2629
2631
2633
2635
2637
2639
2641
2643
2646
2648
2650
2652
2654
2656
2657
2657
2657
2658
2658
2658
2658
2658
2659
2659
2659
2659
2660
2660
2660
2660
2660
2661
2661
2661
2661
2661
2662
2662
2662
2662
2662
2662
2662
2663
2663
2663
2663
2663
2663
2663
2664
2665
2667
2669
2671
2673
2675
2677
2680
2682
2684
2686
2689
2691
2693
2695
2697
2699
2701
2703
2705
2708
2710
2712
2714
2716
2718
2720
2722
2725
2727
2729
2731
2733
2735
2737
2739
2741
2742
2742
2742
2743
2743
2743
2743
2744
2744
2744
2744
2745
2745
2745
2745
2746
2746
2746
2746
2747
2747
2747
2747
2748
2748
2748
2748
2749
2749
2749
2749
2750
2750
2752
2754
2756
2759
2761
2763
2765
2767
2769
2771
2773
2775
2777
2779
2781
2783
2785
2787
2789
2791
2793
2795
2797
2799
2801
2803
2806
2808
2810
2812
2814
2816
2818
2820
2822
2824
2826
2826
2826
2827
2827
2827
2827
2827
2828
2828
2828
2828
2829
2829
2829
2829
2830
2830
2830
2830
2830
2831
2831
2831
2831
2832
2832
2832
2832
2833
2833
2833
2833
2833
2834
2835
2837
2839
2841
2843
2845
2847
2849
2851
2853
2855
2857
2859
2861
2863
2865
2867
2869
2871
2873
2875
2877
2879
2881
2883
2885
2887
2889
2891
2894
2896
2898
2900
2902
2904
2906
2908
2910
2911
2911
2911
2912
2912
2912
2912
2912
2913
2913
2913
2913
2913
2914
2914
2914
2914
2914
2915
2915
2915
2915
2915
2916
2916
2916
2916
2917
2917
2917
2917
2917
2918
2919
2921
2923
2925
2927
2929
2931
2933
2935
2937
2939
2941
2943
2945
2947
2949
2952
2954
2956
2958
2960
2962
2964
2966
2968
2970
2972
2974
2976
2978
2980
2982
2984
2986
2988
2990
2993
2995
2996
2996
2996
2997
2997
2997
2997
2998
2998
2998
2998
2998
2999
2999
2999
2999
2999
3000
3000
3000
3000
3000
3001
3001
3001
3001
3002
3002
3002
3002
3002
3003
3004
3006
3008
3010
3012
3014
3016
3018
3020
3023
3025
3027
3029
3031
3033
3035
3037
3039
3041
3044
3046
3048
3050
3052
3054
3057
3059
3061
3063
3065
3067
3069
3071
3073
3075
3077
3079
3081
3081
3081
3081
3082
3082
3082
3082
3083
3083
3083
3083
3083
3084
3084
3084
3084
3085
3085
3085
3085
3085
3086
3086
3086
3086
3086
3087
3087
3087
3087
3088
3088
3090
3092
3094
3096
3098
3100
3102
3105
3107
3109
3111
3113
3115
3117
3119
3121
3123
3126
3128
3130
3132
3134
3136
3138
3140
3142
3144
3146
3148
3150
3152
3154
3156
3158
3161
3163
3165
3166
3166
3166
3167
3167
3167
3167
3168
3168
3168
3168
3168
3169
3169
3169
3169
3170
3170
3170
3170
3170
3171
3171
3171
3171
3172
3172
3172
3172
3173
3173
3173
3173
3174
3175
3177
3179
3181
3183
3185
3187
3189
3191
3192
3194
3196
3198
3200
3202
3204
3206
3208
3210
3212
3213
3216
3218
3220
3222
3224
3226
3228
3230
3232
3234
3236
3238
3240
3242
3244
3246
3248
3249
3249
3249
3250
3250
3250
3250
3250
3251
3251
3251
3251
3252
3252
3252
3252
3252
3253
3253
3253
3253
3253
3254
3254
3254
3254
3254
3255
3255
3255
3255
3256
3256
3256
3256
3256
3257
3257
3257
3257
3258
3258
3258
3258
3258
3259
3259
3259
3259
3259
3260
3260
3260
3260
3261
3261
3261
3261
3261
3262
3262
3262
3262
3263
3263
3263
3263
3263
3264
3264
3264
3264
3265
3265
3265
3265
3265
3266
3266
3266
3266
3266
3267
3267
3267
3267
3268
3268
3268
3268
3268
3269
3269
3269
3269
3270
3270
3270
3270
3270
3271
3271
3271
3271
3271
3272
3273
3275
3277
3279
3281
3283
3285
3287
3289
3291
3293
3295
3297
3299
3301
3303
3305
3307
3309
3311
3313
3315
3317
3319
3321
3322
3325
3327
3329
3331
3332
3334
3336
3339
3340
3343
3345
3347
3349
3351
3353
3355
3357
3359
3361
3362
3362
3362
3362
3363
3363
3363
3363
3363
3364
3364
3364
3364
3365
3365
3365
3365
3365
3365
3365
3365
3366
3366
3366
3366
3366
3366
3366
3367
3367
3367
3367
3367
3368
3368
3368
3368
3368
3369
3369
3369
3369
3370
3370
3370
3370
3370
3371
3371
3371
3371
3372
3372
3372
3372
3372
3373
3373
3373
3373
3374
3374
3374
3374
3374
3375
3375
3375
3375
3375
3376
3377
3379
3381
3383
3385
3387
3389
3391
3392
3395
3397
3399
3401
3403
3405
3407
3409
3411
3413
3415
3417
3419
3421
3423
3425
3427
3429
3431
3433
3435
3437
3439
3441
3442
3445
3447
3448
3450
3452
3454
3456
3459
3461
3463
3465
3467
3468
3468
3468
3469
3469
3469
3469
3469
3470
3470
3470
3470
3471
3471
3471
3471
3471
3472
3472
3472
3472
3472
3473
3473
3473
3473
3473
3474
3474
3474
3474
3474
3475
3475
3475
3475
3476
3476
3476
3476
3476
3477
3477
3477
3477
3477
3478
3478
3478
3478
3478
3479
3479
3479
3479
3479
3480
3480
3480
3480
3481
3481
3481
3481
3481
3482
3482
3484
3486
3488
3490
3492
3494
3496
3498
3500
3502
3504
3506
3508
3510
3513
3515
3517
3519
3521
3523
3525
3527
3529
3531
3533
3536
3538
3540
3542
3544
3546
3548
3550
3552
3554
3556
3558
3560
3562
3564
3566
3569
3571
3573
3574
3574
3574
3575
3575
3575
3575
3575
3576
3576
3576
3576
3576
3577
3577
3577
3577
3578
3578
3578
3578
3578
3579
3579
3579
3579
3579
3580
3580
3580
3580
3581
3581
3581
3581
3581
3582
3582
3582
3582
3583
3583
3583
3583
3584
3584
3584
3584
3584
3585
3585
3585
3585
3586
3586
3586
3586
3586
3587
3587
3587
3587
3587
3587
3589
3591
3593
3595
3597
3600
3602
3604
3606
3608
3610
3612
3614
3616
3617
3619
3621
3623
3625
3627
3629
3631
3633
3635
3637
3639
3641
3644
3646
3648
3650
3652
3654
3656
3658
3660
3662
3664
3666
3668
3670
3672
3674
3676
3678
3679
3679
3679
3680
3680
3680
3680
3681
3681
3681
3681
3681
3682
3682
3682
3682
3682
3683
3683
3683
3683
3684
3684
3684
3684
3684
3685
3685
3685
3685
3685
3686
3686
3686
3686
3687
3687
3687
3687
3687
3688
3688
3688
3688
3688
3689
3689
3689
3689
3690
3690
3690
3690
3690
3691
3691
3691
3691
3691
3692
3692
3692
3692
3693
3693
3696
3698
3700
3702
3703
3706
3708
3710
3712
3714
3716
3718
3720
3722
3724
3726
3728
3730
3732
3734
3736
3738
3740
3741
3743
3745
3747
3749
3751
3753
3755
3757
3759
3761
3763
3765
3767
3769
3771
3773
3775
3777
3779
3781
3783
3785
3785
3785
3785
3786
3786
3786
3786
3786
3787
3787
3787
3787
3788
3788
3788
3788
3788
3789
3789
3789
3789
3789
3790
3790
3790
3790
3790
3791
3791
3791
3791
3792
3792
3792
3792
3792
3793
3793
3793
3793
3793
3794
3794
3794
3794
3794
3794
3795
3795
3795
3795
3795
3795
3795
3795
3796
3796
3796
3796
3796
3797
3797
3797
3797
3797
3798
3798
3800
3802
3803
3805
3807
3809
3811
3813
3815
3817
3819
3821
3823
3825
3827
3829
3831
3833
3835
3837
3839
3841
3843
3845
3847
3849
3851
3853
3855
3857
3859
3861
3863
3865
3867
3869
3871
3872
3874
3877
3879
3881
3883
3885
3887
3889
3890
3890
3890
3891
3891
3891
3891
3891
3892
3892
3892
3892
3892
3893
3893
3893
3893
3893
3894
3894
3894
3894
3895
3895
3895
3895
3895
3896
3896
3896
3896
3896
3897
3897
3897
3897
3897
3898
3898
3898
3898
3898
3899
3899
3899
3899
3899
3900
3900
3900
3900
3901
3901
3901
3901
3901
3902
3902
3902
3902
3902
3903
3903
3903
3903
3903
3904
3904
3906
3908
3910
3912
3914
3916
3918
3920
3922
3924
3926
3928
3930
3932
3934
3936
3938
3940
3943
3945
3947
3949
3951
3953
3955
3959
3963
3968
3970
3972
3974
3976
3978
3980
3983
3985
3987
3989
3991
3993
3995
3996
3996
3996
3997
3997
3997
3997
3997
3998
3998
3998
3998
3998
3999
3999
3999
3999
4000
4000
4000
4000
4000
4001
4001
4001
4001
4002
4002
4002
4002
4002
4003
4003
4003
4003
4003
4004
4004
4004
4004
4004
4005
4005
4005
4005
4005
4006
4006
4006
4006
4007
4007
4007
4007
4007
4008
4008
4008
4008
4008
4009
4010
4012
4014
4016
4018
4020
4022
4024
4026
4028
4030
4032
4034
4036
4038
4040
4042
4044
4046
4047
4049
4051
4053
4055
4057
4059
4061
4063
4065
4067
4069
4071
4073
4075
4077
4079
4081
4083
4085
4087
4089
4091
4093
4095
4097
4099
4101
4102
4102
4102
4103
4103
4103
4103
4103
4104
4104
4104
4104
4104
4105
4105
4105
4105
4106
4106
4106
4106
4106
4107
4107
4107
4107
4108
4108
4108
4108
4108
4109
4109
4109
4109
4109
4110
4110
4110
4110
4110
4111
4111
4111
4111
4112
4112
4112
4112
4112
4113
4113
4113
4113
4114
4114
4114
4114
4114
4115
4115
4115
4115
4116
4116
4116
4116
4116
4117
4117
4117
4117
4118
4118
4118
4118
4118
4119
4119
4119
4119
4120
4120
4120
4120
4120
4121
4121
4121
4121
4121
4122
4122
4122
4122
4123
4123
4123
4123
4124
4124
4126
4128
4130
4132
4134
4136
4138
4140
4142
4144
4146
4148
4150
4152
4154
4156
4158
4160
4162
4164
4166
4168
4170
4172
4174
4177
4179
4181
4183
4185
4187
4189
4191
4193
4195
4197
4199
4201
4203
4205
4207
4209
4210
4212
4214
4216
4218
4220
4222
4224
4226
4228
4230
4232
4234
4236
4238
4240
4240
4240
4241
4241
4241
4241
4241
4242
4242
4242
4242
4243
4243
4243
4243
4243
4244
4244
4244
4244
4244
4245
4245
4245
4245
4245
4246
4246
4246
4246
4246
4247
4247
4247
4247
4247
4247
4247
4248
4248
4248
4248
4248
4248
4248
4249
4249
4249
4249
4249
4250
4250
4250
4250
4250
4251
4252
4254
4256
4258
4260
4262
4264
4266
4268
4270
4272
4274
4276
4278
4280
4282
4284
4286
4288
4290
4292
4294
4296
4298
4300
4302
4305
4306
4309
4311
4313
4315
4317
4319
4321
4323
4325
4327
4329
4331
4333
4335
4337
4338
4340
4342
4344
4346
4348
4350
4352
4355
4357
4359
4361
4363
4365
4365
4365
4365
4366
4366
4366
4366
4367
4367
4367
4367
4367
4368
4368
4368
4368
4369
4369
4369
4369
4369
4370
4370
4370
4370
4370
4371
4371
4371
4371
4372
4372
4372
4372
4372
4373
4373
4373
4373
4374
4374
4374
4374
4374
4375
4375
4375
4375
4375
4376
4376
4376
4376
4376
4377
4377
4379
4382
4384
4386
4388
4390
4392
4394
4396
4398
4400
4402
4404
4406
4408
4410
4412
4414
4417
4419
4421
4423
4425
4427
4429
4431
4433
4435
4437
4439
4441
4443
4445
4447
4449
4451
4453
4455
4457
4459
4461
4463
4465
4467
4469
4471
4473
4475
4477
4479
4481
4483
4485
4487
4489
4491
4493
4493
4493
4493
4494
4494
4494
4494
4495
4495
4495
4495
4495
4495
4495
4496
4496
4496
4496
4496
4496
4496
4496
4497
4497
4497
4497
4497
4498
4498
4498
4498
4498
4499
4499
4499
4499
4500
4500
4500
4500
4500
4501
4501
4501
4501
4501
4502
4502
4502
4502
4502
4503
4503
4503
4503
4503
4504
4505
4507
4509
4511
4513
4515
4517
4519
4521
4523
4525
4527
4529
4530
4533
4535
4537
4539
4541
4543
4545
4547
4549
4551
4553
4555
4557
4559
4561
4563
4565
4567
4569
4571
4573
4575
4577
4579
4581
4583
4585
4587
4588
4590
4592
4595
4597
4599
4601
4603
4605
4607
4609
4611
4613
4615
4617
4618
4618
4618
4618
4619
4619
4619
4619
4620
4620
4620
4620
4621
4621
4621
4621
4621
4622
4622
4622
4622
4622
4623
4623
4623
4623
4623
4624
4624
4624
4624
4625
4625
4625
4625
4625
4626
4626
4626
4626
4627
4627
4627
4627
4627
4628
4628
4628
4628
4628
4629
4629
4629
4629
4630
4630
4632
4634
4635
4637
4639
4642
4643
4645
4647
4649
4651
4653
4655
4657
4659
4661
4664
4666
4668
4670
4672
4674
4676
4678
4680
4682
4684
4686
4688
4690
4692
4694
4696
4698
4700
4702
4704
4706
4708
4709
4712
4714
4716
4718
4720
4722
4724
4726
4728
4730
4732
4734
4736
4737
4740
4742
4743
4745
4746
4746
4746
4747
4747
4747
4747
4748
4748
4748
4748
4748
4749
4749
4749
4749
4750
4750
4750
4750
4750
4751
4751
4751
4751
4751
4752
4752
4752
4752
4752
4753
4753
4753
4753
4753
4754
4754
4754
4754
4755
4755
4755
4755
4755
4756
4756
4756
4756
4756
4757
4757
4757
4757
4757
4758
4758
4760
4762
4764
4765
4767
4769
4771
4773
4775
4777
4780
4781
4784
4786
4788
4790
4792
4794
4796
4798
4800
4802
4804
4806
4808
4810
4812
4814
4816
4818
4820
4823
4825
4827
4829
4831
4833
4835
4837
4839
4841
4844
4846
4848
4850
4852
4854
4856
4859
4861
4863
4865
4867
4869
4871
4871
4871
4871
4872
4872
4872
4872
4873
4873
4873
4873
4873
4874
4874
4874
4874
4875
4875
4875
4875
4876
4876
4876
4876
4876
4877
4877
4877
4877
4877
4878
4878
4878
4878
4878
4879
4879
4879
4879
4880
4880
4880
4880
4880
4881
4881
4881
4881
4881
4882
4882
4884
4886
4888
4890
4892
4894
4896
4898
4900
4902
4905
4907
4909
4911
4913
4915
4917
4919
4921
4923
4925
4927
4929
4931
4933
4935
4937
4939
4941
4943
4945
4947
4949
4952
4954
4956
4958
4960
4962
4964
4966
4968
4970
4972
4974
4976
4978
4980
4982
4984
4986
4988
4990
4992
4994
4996
4998
5000
5000
5000
5000
5001
5001
5001
5001
5001
5001
5001
5001
5001
5002
5002
5002
5002
5002
5003
5003
5003
5003
5003
5004
5004
5004
5004
5004
5005
5005
5005
5005
5005
5006
5006
5006
5006
5006
5007
5007
5007
5007
5007
5008
5008
5008
5008
5009
5009
5009
5009
5009
5010
5010
5012
5014
5016
5018
5020
5022
5024
5026
5028
5030
5032
5034
5036
5037
5039
5041
5043
5045
5047
5049
5051
5053
5055
5057
5059
5061
5063
5065
5067
5069
5071
5073
5075
5077
5079
5081
5083
5085
5087
5089
5091
5093
5095
5097
5099
5101
5103
5105
5107
5109
5111
5113
5115
5117
5119
5121
5123
5124
5124
5124
5125
5125
5125
5125
5125
5126
5126
5126
5126
5127
5127
5127
5127
5127
5128
5128
5128
5128
5129
5129
5129
5129
5129
5130
5130
5130
5130
5130
5131
5131
5131
5131
5132
5132
5132
5132
5132
5133
5133
5133
5133
5134
5134
5134
5134
5134
5135
5135
5135
5135
5136
5136
5138
5140
5142
5144
5146
5148
5150
5152
5154
5156
5158
5160
5162
5164
5166
5168
5170
5172
5174
5176
5178
5180
5182
5184
5186
5188
5189
5191
5193
5195
5197
5199
5201
5203
5205
5207
5209
5212
5214
5216
5218
5220
5222
5224
5226
5228
5230
5232
5234
5236
5238
5240
5242
5244
5246
5248
5251
5252
5252
5252
5253
5253
5253
5253
5253
5254
5254
5254
5254
5255
5255
5255
5255
5255
5256
5256
5256
5256
5256
5257
5257
5257
5257
5258
5258
5258
5258
5258
5259
5259
5259
5259
5259
5260
5260
5260
5260
5261
5261
5261
5261
5261
5262
5262
5262
5262
5263
5263
5265
5267
5269
5271
5273
5275
5277
5279
5281
5283
5285
5287
5289
5291
5293
5295
5297
5299
5301
5303
5305
5307
5309
5312
5314
5316
5317
5320
5321
5323
5325
5327
5329
5330
5332
5334
5336
5338
5340
5342
5344
5346
5348
5350
5352
5354
5356
5358
5360
5362
5364
5366
5368
5370
5372
5374
5376
5378
5378
5378
5378
5379
5379
5379
5379
5380
5380
5380
5380
5380
5381
5381
5381
5381
5382
5382
5382
5382
5383
5383
5383
5383
5383
5384
5384
5384
5384
5385
5385
5385
5385
5385
5386
5386
5386
5386
5387
5387
5387
5387
5387
5388
5388
5388
5388
5389
5389
5391
5393
5395
5397
5398
5400
5403
5405
5407
5409
5410
5412
5414
5416
5418
5420
5422
5424
5426
5428
5430
5432
5434
5436
5439
5441
5443
5445
5447
5449
5451
5453
5455
5457
5459
5461
5463
5465
5467
5469
5471
5473
5475
5476
5478
5481
5482
5484
5486
5488
5490
5492
5494
5496
5498
5500
5502
5504
5505
5505
5505
5506
5506
5506
5506
5507
5507
5507
5507
5507
5508
5508
5508
5508
5508
5509
5509
5509
5509
5510
5510
5510
5510
5510
5511
5511
5511
5511
5511
5512
5512
5512
5512
5512
5512
5512
5512
5513
5513
5513
5513
5513
5513
5514
5514
5514
5514
5515
5515
5516
5518
5520
5522
5524
5526
5528
5530
5532
5534
5536
5538
5540
5542
5544
5546
5548
5550
5552
5554
5556
5558
5560
5562
5564
5566
5568
5570
5572
5574
5576
5578
5580
5582
5584
5586
5588
5590
5592
5594
5596
5598
5600
5602
5604
5606
5608
5611
5613
5615
5617
5619
5621
5623
5625
5627
5629
5631
5631
5631
5632
5632
5632
5632
5633
5633
5633
5633
5634
5634
5634
5634
5635
5635
5635
5635
5635
5636
5636
5636
5636
5637
5637
5637
5637
5638
5638
5638
5638
5639
5639
5639
5639
5640
5640
5640
5640
5641
5641
5641
5641
5642
5642
5642
5642
5642
5643
5643
5643
5643
5644
5644
5644
5644
5644
5645
5645
5645
5645
5645
5646
5646
5646
5646
5647
5647
5647
5647
5647
5648
5648
5648
5648
5649
5649
5649
5649
5649
5650
5650
5650
5650
5651
5651
5653
5655
5657
5659
5661
5663
5665
5667
5669
5671
5674
5676
5678
5680
5682
5684
5686
5688
5690
5692
5695
5697
5699
5701
5703
5705
5707
5709
5711
5713
5715
5717
5719
5721
5723
5725
5728
5730
5732
5734
5736
5738
5740
5742
5744
5746
5748
5750
5752
5754
5756
5758
5760
5762
5764
5766
5768
5769
5771
5773
5775
5777
5779
5781
5783
5785
5787
5789
5791
5791
5791
5791
5792
5792
5792
5792
5793
5793
5793
5793
5793
5794
5794
5794
5794
5795
5795
5795
5795
5795
5796
5796
5796
5796
5796
5797
5797
5797
5797
5798
5798
5798
5798
5798
5799
5799
5799
5799
5799
5799
5799
5801
5803
5805
5807
5809
5811
5813
5815
5817
5819
5821
5822
5824
5826
5828
5830
5832
5834
5836
5838
5840
5842
5844
5846
5848
5850
5852
5855
5857
5859
5861
5863
5865
5866
5868
5870
5872
5874
5876
5878
5880
5882
5884
5886
5888
5890
5892
5894
5896
5898
5900
5902
5904
5906
5908
5910
5912
5914
5916
5918
5920
5922
5924
5926
5928
5930
5932
5934
5936
5937
5937
5937
5938
5938
5938
5938
5938
5939
5939
5939
5939
5939
5940
5940
5940
5940
5940
5941
5941
5941
5941
5941
5942
5942
5942
5942
5942
5943
5943
5943
5943
5943
5944
5944
5944
5944
5945
5945
5945
5945
5945
5946
5946
5947
5949
5951
5953
5955
5957
5959
5961
5963
5965
5967
5969
5971
5973
5975
5977
5980
5982
5984
5986
5988
5990
5992
5994
5996
5998
6000
6002
6003
6005
6007
6009
6011
6013
6015
6017
6019
6021
6023
6025
6027
6029
6031
6033
6035
6037
6039
6041
6043
6045
6048
6050
6051
6054
6056
6058
6060
6062
6064
6066
6068
6070
6072
6074
6076
6078
6080
6082
6084
6086
6086
6086
6087
6087
6087
6087
6087
6088
6088
6088
6088
6089
6089
6089
6089
6090
6090
6090
6090
6090
6091
6091
6091
6091
6091
6091
6091
6091
6091
6092
6092
6092
6092
6093
6093
6093
6093
6093
6094
6095
6097
6099
6101
6103
6105
6107
6109
6112
6114
6116
6118
6120
6122
6124
6126
6128
6130
6133
6135
6137
6139
6141
6143
6145
6148
6150
6152
6154
6156
6158
6161
6163
6165
6167
6169
6171
6173
6175
6177
6179
6181
6183
6185
6187
6189
6191
6193
6195
6197
6199
6201
6203
6206
6208
6210
6212
6214
6216
6218
6220
6222
6224
6227
6229
6231
6232
6232
6232
6233
6233
6233
6233
6233
6234
6234
6234
6234
6235
6235
6235
6235
6235
6236
6236
6236
6236
6236
6237
6237
6237
6237
6238
6238
6238
6238
6238
6239
6239
6239
6239
6239
6240
6241
6243
6245
6247
6249
6251
6253
6255
6258
6260
6262
6264
6267
6269
6271
6273
6275
6277
6279
6281
6284
6286
6288
6290
6292
6294
6296
6298
6300
6302
6304
6306
6308
6310
6312
6314
6316
6318
6320
6322
6324
6326
6329
6331
6333
6335
6337
6339
6341
6343
6345
6347
6349
6351
6353
6355
6357
6359
6361
6363
6365
6367
6369
6371
6374
6376
6378
6380
6382
6382
6382
6382
6383
6383
6383
6383
6383
6384
6384
6384
6384
6384
6385
6385
6385
6385
6386
6386
6386
6386
6386
6387
6387
6387
6387
6387
6388
6388
6388
6388
6389
6389
6389
6389
6389
6390
6390
6392
6394
6396
6398
6400
6403
6405
6407
6409
6411
6413
6415
6417
6419
6421
6423
6425
6427
6429
6431
6433
6435
6437
6439
6441
6442
6444
6446
6449
6451
6453
6455
6457
6459
6461
6463
6465
6467
6469
6471
6473
6475
6477
6479
6482
6484
6486
6488
6490
6492
6494
6496
6498
6500
6503
6505
6507
6509
6511
6513
6515
6518
6520
6522
6524
6526
6527
6527
6527
6528
6528
6528
6528
6528
6529
6529
6529
6529
6530
6530
6530
6530
6531
6531
6531
6531
6531
6532
6532
6532
6532
6533
6533
6533
6533
6534
6534
6534
6534
6535
6535
6537
6539
6541
6543
6545
6547
6549
6551
6553
6555
6558
6560
6562
6564
6566
6568
6571
6573
6575
6577
6579
6581
6583
6585
6588
6590
6592
6594
6596
6598
6600
6602
6604
6606
6608
6610
6612
6614
6616
6618
6620
6622
6624
6626
6628
6630
6632
6635
6637
6639
6641
6643
6645
6647
6649
6651
